1.38704794478755877307    0.01166754122543973808    0.00318718929125177703    8.13986145108852454655    0.30268782157753854056    0.01407774479806264689
1.38545435014193296652    0.01165512103463164396    0.00318718929125177703    8.13634201488900821175    0.30256355260172274058    0.01407774479806264689
1.38704794478755877307    0.01166754122543973808    0.00318718929125177703    8.13634201488900821175    0.30256355260172274058    0.01407774479806264689
1.38625114746474586980    0.01166133099490774573    0.00318718929125177703    8.13634201488900821175    0.30256355260172274058    0.01407774479806264689
1.38625114746474586980    0.01166133099490774573    0.00318718929125177703    8.12578370629046098372    0.30219076198905331365    0.01407774479806264689
1.38465755281912006325    0.01164891134504364954    0.00318718929125177703    8.12578370629046098372    0.30219076198905331365    0.01407774479806264689
1.38545435014193296652    0.01165512103463164396    0.00318718929125177703    8.12226427009094642528    0.30206650390094214043    0.01407774479806264689
1.38465755281912006325    0.01164891134504364954    0.00318718929125177703    8.11874483389143009049    0.30194224854316004114    0.01407774479806264689
1.38545435014193296652    0.01165512103463164396    0.00318718929125177703    8.11874483389143009049    0.30194224854316004114    0.01407774479806264689
1.38465755281912006325    0.01164891134504364954    0.00318718929125177703    8.11874483389143009049    0.30194224854316004114    0.01407774479806264689
1.38465755281912006325    0.01164891134504364954    0.00318718929125177703    8.11874483389143009049    0.30194224854316004114    0.01407774479806264689
1.38545435014193296652    0.01165512103463164396    0.00318718929125177703    8.11170596149239919725    0.30169374603207754770    0.01407774479806264689
1.38465755281912006325    0.01164891134504364954    0.00318718929125177703    8.11170596149239919725    0.30169374603207754770    0.01407774479806264689
1.38465755281912006325    0.01164891134504364954    0.00318718929125177703    8.10818652529288286246    0.30156949888553780115    0.01407774479806264689
1.38465755281912006325    0.01164891134504364954    0.00318718929125177703    8.10818652529288286246    0.30156949888553780115    0.01407774479806264689
1.38465755281912006325    0.01164891134504364954    0.00318718929125177703    8.10818652529288286246    0.30156949888553780115    0.01407774479806264689
1.38465755281912006325    0.01164891134504364954    0.00318718929125177703    8.09762821669433563443    0.30119677392260491011    0.01407774479806264689
1.38465755281912006325    0.01164891134504364954    0.00318718929125177703    8.09762821669433563443    0.30119677392260491011    0.01407774479806264689
#================================