79 74
75 71
71 68
67 65
64 63
62 61
60 59
58 56
57 56
56 55
56 54
54 54
54 52
54 52
54 54
55 54
55 55
56 54
57 57
57 56
60 57
61 59
63 62
64 61
66 64
68 65
70 67
71 68
73 69
76 72
77 73
80 74
83 76
84 78
87 79
89 80
91 80
93 82
96 83
97 84
99 84
101 85
103 87
105 87
107 87
108 87
110 88
112 89
114 90
115 90
118 91
119 91
121 91
123 92
124 92
125 92
128 93
129 93
131 93
132 93
134 94
135 94
137 95
139 95
140 95
141 95
143 96
145 96
146 96
148 96
149 97
151 97
152 98
154 97
155 97
156 98
158 98
159 98
161 98
162 99
163 99
165 99
166 99
168 99
170 100
170 99
172 100
174 100
175 100
176 100
178 101
179 101
181 101
182 101
184 101
184 101
186 102
188 102
189 102
191 102
192 102
194 103
195 103
196 102
198 102
199 103
200 102
201 103
203 103
204 103
206 103
207 103
208 103
210 103
211 104
213 104
215 104
215 104
217 104
218 104
220 104
221 104
222 105
224 105
225 105
227 105
228 105
229 105
230 105
231 106
233 105
236 106
236 106
239 106
239 106
241 106
242 106
243 106
244 106
246 106
247 106
249 107
248 106
251 106
253 107
254 107
256 107
257 107
258 107
259 107
261 107
261 107
264 107
265 107
266 107
268 107
269 108
270 108
272 108
274 108
275 108
276 108
277 108
278 108
280 108
281 109
283 109
284 109
286 109
287 108
289 109
290 109
290 109
292 109
293 109
294 109
296 109
296 108
299 109
300 109
302 110
304 110
303 109
306 109
307 110
308 109
310 110
311 110
312 109
313 109
315 110
315 110
317 110
317 109
320 110
320 110
323 111
323 110
324 110
327 110
328 111
329 110
331 111
332 111
334 111
334 111
337 111
338 111
339 111
340 111
342 111
343 111
345 112
346 111
347 111
349 111
350 111
351 111
353 112
354 112
355 112
356 112
358 112
359 112
361 112
361 112
363 112
365 113
366 112
367 112
369 112
370 112
371 112
372 112
374 113
375 112
376 112
378 113
380 112
379 112
381 112
385 113
385 113
386 113
388 113
389 113
389 112
391 113
392 113
394 114
396 113
397 113
399 113
399 113
400 113
402 114
