0 0
2 2
4 4
6 6
8 9
12 12
15 15
18 18
22 22
25 26
29 29
34 33
37 37
41 41
44 44
48 48
52 52
56 56
59 60
63 63
67 67
70 70
74 73
77 76
80 79
83 81
85 84
87 85
88 87
90 87
91 89
94 90
95 92
96 92
96 93
98 94
100 95
100 96
101 96
101 96
102 97
104 98
104 98
105 99
106 100
108 100
108 100
108 101
109 101
110 101
110 102
111 102
112 102
112 103
113 103
114 104
114 104
115 104
116 104
116 104
117 105
118 105
118 106
119 106
120 106
120 106
120 107
122 107
121 106
122 107
123 107
123 107
124 108
125 107
125 108
126 108
126 109
126 108
127 109
127 109
128 109
129 109
130 109
130 109
131 110
131 110
131 111
131 110
132 110
132 111
133 111
134 111
134 112
135 111
136 112
136 112
136 112
136 112
137 112
138 112
138 112
139 113
139 112
140 112
140 113
140 113
141 113
141 113
142 112
142 113
143 113
143 114
143 113
144 113
144 113
145 114
146 114
146 114
147 114
146 114
147 114
148 114
149 114
149 115
149 114
149 113
149 114
150 114
150 115
152 116
153 116
153 115
153 116
154 116
154 116
153 116
154 116
155 116
155 116
156 116
157 116
157 117
158 117
158 117
158 117
158 117
159 117
159 117
160 117
160 117
161 117
161 117
162 117
162 117
162 118
162 117
163 118
163 118
165 118
164 117
165 118
165 118
166 118
166 118
166 118
166 117
167 118
167 118
168 118
169 118
169 118
170 118
170 119
170 118
171 119
171 119
171 119
172 119
173 119
174 119
174 119
174 119
174 119
174 120
175 119
176 120
175 120
176 119
177 120
178 120
178 120
178 120
178 120
179 120
179 120
180 120
179 120
181 120
182 120
182 121
182 120
182 121
183 121
182 121
184 121
183 120
184 121
184 121
185 121
185 121
186 121
186 121
186 121
187 121
187 122
187 121
188 121
189 121
189 122
189 121
190 121
190 121
190 121
191 121
191 122
191 122
191 121
192 122
193 122
192 122
193 122
194 122
194 122
195 122
195 123
196 122
196 122
197 122
197 122
198 122
198 122
198 122
199 122
199 122
200 123
200 123
200 123
201 122
201 123
202 122
202 123
202 122
202 123
203 123
203 123
204 123
