# Riavvio, attendi...
32    0
35    1
32    0
32    1
34    1
31    1
31    1
33    1
33    1
32    2
31    1
33    1
35    2
32    1
35    0
33    0
34    1
32    0
35    1
34    2
33    1
34    0
30    0
32    1
34    0
32    1
33    0
34    1
33    2
34    1
35    2
33    0
32    1
32    1
32    1
32    1
33    1
35    0
32    0
32    0
33    0
33    1
35    1
33    1
33    1
31    0
31    1
34    0
34    1
33    1
34    1
32    1
32    1
33    1
35    1
34    0
34    0
34    0
31    2
33    0
33    1
30    0
33    1
33    1
32    1
31    0
35    2
34    0
32    1
31    0
35    1
33    2
34    2
32    1
33    1
33    1
35    0
34    2
34    0
35    1
30    1
30    1
35    0
32    1
33    2
32    0
31    2
32    0
35    0
32    0
33    1
35    1
32    1
34    1
34    1
32    1
34    0
34    1
31    1
33    0

42    1
43    1
43    1
43    0
43    1
43    0
43    1
43    0
43    1
41    1
43    0
42    1
43    2
42    1
42    0
42    0
43    1
41    0
43    2
43    0
43    1
43    2
43    0
42    2
42    0
43    1
43    0
40    2
42    2
43    1
41    2
43    0
43    1
41    1
43    1
43    1
43    0
41    1
41    0
43    2
43    1
43    1
43    1
43    1
42    1
43    0
43    2
43    1
43    0
35    1
43    1
43    1
43    0
40    1
42    0
42    1
42    2
45    1
43    1
42    1
43    1
43    0
41    1
43    0
41    0
42    1
41    1
42    0
42    1
43    0
45    1
43    1
42    2
43    1
43    2
41    1
42    1
42    1
42    0
45    1
42    1
42    0
43    1
41    1
43    1
43    0
43    2
43    1
35    2
42    0
43    0
43    1
43    1
43    1
42    1
41    1
43    2
43    0
43    1
43    1

57    0
57    1
58    0
59    0
58    2
59    0
59    2
57    0
56    1
59    1
57    1
56    2
59    0
59    1
57    1
59    1
59    1
56    1
58    1
58    0
59    2
59    1
59    1
58    1
56    1
59    1
56    1
57    2
58    0
59    0
55    2
59    0
59    0
56    0
57    1
59    1
57    0
59    1
58    0
59    0
57    1
55    1
59    1
58    1
59    1
62    0
56    2
55    0
59    1
58    0
57    1
59    0
59    2
57    1
59    1
59    1
58    0
57    2
59    1
59    2
58    1
59    0
58    0
57    0
57    0
58    1
58    2
59    2
61    3
59    0
58    2
58    0
58    1
59    1
59    1
58    0
57    1
58    1
57    1
58    0
59    1
59    0
61    1
57    0
56    0
58    1
57    1
58    0
58    1
59    1
55    0
57    0
58    1
59    1
56    1
59    0
59    1
55    1
59    1
62    1

67    1
65    1
67    2
67    1
67    2
65    2
70    2
66    2
67    2
66    1
67    2
67    1
66    2
67    2
67    2
67    1
69    2
67    2
67    1
69    2
67    2
65    2
67    1
67    2
66    1
67    1
67    1
66    1
65    1
67    1
67    1
66    1
67    2
66    1
67    2
67    1
66    2
67    1
67    2
67    1
67    1
69    1
67    2
67    1
67    2
67    1
66    1
65    1
67    2
69    1
67    2
66    1
67    1
65    1
67    1
71    2
70    0
67    2
65    1
70    1
67    1
67    2
67    2
67    2
67    1
67    1
67    2
66    1
67    2
66    1
69    2
67    1
67    2
69    2
66    1
67    1
66    1
66    0
63    2
67    1
67    1
65    2
67    2
64    1
67    2
67    1
64    1
67    2
67    2
66    2
67    1
67    2
67    1
67    0
67    2
65    2
69    2
59    1
66    2
67    1

74    2
73    2
75    1
74    1
73    2
75    2
75    2
73    2
75    2
75    2
72    0
75    2
75    1
74    1
73    2
75    2
73    2
75    1
73    2
75    2
74    2
74    2
74    1
72    2
73    1
73    2
74    2
75    1
75    1
75    1
75    1
71    2
75    1
71    1
74    1
73    2
75    2
74    2
74    1
75    2
71    1
73    1
75    1
78    2
72    2
72    2
75    1
72    1
73    2
74    1
75    1
72    1
75    1
74    2
72    1
74    2
75    1
74    2
74    1
72    1
72    1
73    1
75    1
75    2
75    1
74    2
73    1
75    1
71    1
74    1
75    2
75    1
72    1
73    1
72    1
72    1
73    2
75    1
74    1
75    1
72    2
73    2
75    1
73    2
71    2
74    1
75    2
72    1
75    2
71    2
75    2
72    1
74    1
73    2
73    2
75    2
71    1
74    1
73    0
74    1

90    0
90    0
88    2
90    0
89    1
90    1
90    1
90    0
88    1
90    1
88    0
90    0
90    1
89    2
87    1
89    1
89    0
87    0
89    2
89    1
87    0
89    1
87    1
91    0
91    0
89    2
89    0
90    1
89    1
87    2
91    1
89    1
89    1
89    0
90    1
88    1
90    1
89    1
87    0
88    1
88    0
87    0
91    0
91    0
89    1
90    0
88    2
88    1
91    1
91    1
89    2
89    1
90    0
87    0
91    0
90    2
91    1
89    0
90    1
89    0
89    1
91    0
89    2
89    1
88    0
91    1
89    0
88    2
91    1
88    0
88    0
90    1
90    1
89    0
89    0
87    2
90    0
89    1
88    0
91    0
91    1
90    1
89    0
89    1
89    0
89    1
91    1
87    1
89    0
88    0
88    1
91    1
89    0
91    1
90    1
89    1
88    1
90    0
88    1
87    0

107    0
109    0
113    1
107    1
111    1
112    1
112    0
110    0
110    1
111    0
110    0
111    0
111    0
109    1
112    2
111    2
111    0
109    1
112    1
115    0
112    0
110    0
109    0
111    1
111    1
112    0
111    0
110    1
111    2
110    0
113    0
113    1
112    1
107    0
111    1
111    1
110    1
111    1
111    0
110    2
109    1
112    0
111    2
109    2
113    2
113    0
110    1
107    0
114    1
107    0
110    0
110    1
111    1
111    1
111    0
111    1
113    1
109    2
110    2
115    1
111    2
109    1
111    1
112    1
114    1
109    1
113    0
111    1
109    1
110    0
109    2
113    1
112    1
109    0
110    1
112    1
107    1
112    1
110    1
107    0
107    0
111    1
107    2
107    0
111    0
110    1
110    2
109    0
111    1
111    0
107    1
110    0
112    1
112    1
111    0
111    1
111    1
110    1
115    1
113    2

121    1
123    1
122    2
122    1
122    1
123    2
123    1
123    1
121    1
123    1
121    1
122    1
121    1
123    1
123    1
120    1
123    1
123    2
125    2
126    0
123    2
121    2
122    2
123    2
123    1
125    2
123    1
123    2
121    1
123    1
123    2
122    1
122    1
122    1
123    1
122    1
122    2
119    2
123    1
122    2
123    1
123    1
123    2
123    2
125    2
123    1
123    2
121    1
123    2
123    2
122    1
122    2
121    2
123    2
123    2
120    1
123    1
121    2
123    2
123    1
122    2
122    1
122    2
122    2
122    2
122    1
123    1
123    2
121    2
125    1
122    2
122    1
122    2
122    1
123    1
123    1
123    2
123    1
123    1
123    1
122    2
123    1
123    2
121    1
123    2
121    2
123    2
121    1
122    2
122    2
122    1
123    1
123    2
122    2
123    2
123    1
122    2
119    0
120    1
121    1

134    1
134    1
136    1
135    0
135    1
138    1
136    1
135    2
136    1
133    1
136    1
137    0
135    1
136    0
139    2
131    1
136    1
134    0
131    1
137    1
133    2
134    1
136    1
134    0
134    0
134    0
137    1
135    0
137    0
134    1
139    1
135    2
138    1
136    0
135    2
136    1
137    1
137    2
135    1
137    0
135    1
135    1
137    0
137    1
135    1
137    1
135    0
134    0
138    1
134    1
135    1
137    2
134    2
137    0
135    1
133    0
138    1
134    1
134    1
134    1
135    1
137    1
136    0
135    0
135    2
136    1
135    1
137    0
133    1
138    0
134    1
136    1
135    0
134    0
134    1
131    0
134    0
136    0
137    1
136    0
135    1
135    0
134    1
131    1
136    1
133    1
135    1
135    0
133    1
137    1
135    0
135    1
137    0
136    0
131    1
134    2
136    2
135    1
138    0
134    1

143    2
142    0
142    1
142    1
142    1
139    1
146    1
143    2
142    0
146    1
142    1
144    0
145    0
143    1
143    1
144    0
145    1
143    0
142    2
143    1
144    0
143    0
147    1
145    1
139    0
144    0
142    2
143    1
143    0
143    1
143    0
145    0
142    1
145    0
141    0
143    0
145    1
145    1
146    1
142    1
138    0
145    1
145    1
145    1
144    1
143    0
143    1
142    1
143    1
146    0
145    0
142    0
143    0
143    0
144    1
143    0
142    2
142    0
145    0
144    0
143    0
141    2
143    0
144    2
144    1
144    1
142    1
143    1
145    1
142    0
142    1
142    1
143    2
145    1
143    2
141    0
145    2
144    1
145    1
139    1
145    1
142    1
145    0
143    1
144    1
145    1
144    1
147    1
142    0
139    1
142    1
145    0
142    1
141    1
144    2
139    0
146    0
143    1
139    0
144    2

155    1
155    0
155    2
155    2
155    1
157    1
155    1
157    1
155    2
157    2
155    1
158    2
155    1
158    1
157    1
155    2
155    2
155    1
155    1
154    1
158    1
155    2
154    2
155    2
155    2
155    1
155    1
155    1
158    1
155    1
157    2
157    1
155    1
155    1
157    2
155    2
155    1
157    1
155    0
159    2
155    1
159    1
155    1
155    1
159    1
155    2
157    1
155    2
159    2
157    2
155    1
155    1
157    2
157    1
154    2
157    2
155    1
154    1
157    1
155    1
155    2
155    1
155    1
155    2
158    2
159    2
155    1
154    2
157    1
155    2
155    1
160    2
155    1
158    1
160    2
155    2
155    2
160    1
155    1
155    2
157    1
158    1
155    2
158    1
158    2
155    2
159    1
155    1
155    1
159    1
157    2
155    1
155    2
155    2
155    1
155    1
157    2
155    1
157    2
157    1

163    0
165    1
163    1
162    0
165    1
163    1
163    0
163    0
166    1
163    1
167    0
163    1
165    0
163    0
163    0
163    2
163    1
167    2
163    1
167    2
165    1
167    0
165    1
165    1
166    1
166    1
162    1
167    0
165    1
163    0
167    1
165    1
165    1
166    0
163    0
169    1
165    1
166    0
162    1
167    2
165    1
165    0
165    1
166    1
167    1
163    0
167    0
166    1
166    1
163    1
166    1
163    1
163    0
163    1
165    1
165    1
163    1
166    1
166    1
166    0
167    2
163    0
163    1
166    1
165    1
165    1
163    0
166    0
163    2
165    0
165    1
165    1
165    2
163    1
163    1
166    0
163    0
163    0
167    0
166    2
163    0
163    0
163    2
163    1
167    0
165    2
163    1
163    0
165    1
163    0
167    0
163    1
166    1
165    1
165    0
166    1
163    2
163    0
166    1
163    2

175    0
176    1
176    1
176    1
174    2
175    0
176    1
175    1
171    0
178    1
176    0
174    0
178    1
176    0
175    1
175    0
177    1
173    1
178    0
177    1
175    1
178    1
176    0
175    0
176    1
178    0
173    1
175    2
177    0
174    1
175    0
175    0
176    0
176    0
176    1
178    1
177    1
177    1
175    1
175    1
176    1
177    1
176    1
176    1
175    0
176    1
174    0
174    0
176    1
175    1
174    0
179    1
175    0
177    1
177    1
176    1
177    2
176    1
178    2
174    0
178    2
175    1
175    1
176    1
177    0
176    1
176    1
177    0
175    0
178    0
179    2
177    0
178    1
176    1
176    1
175    0
177    0
175    0
176    1
177    1
178    0
178    1
175    0
177    0
178    1
176    0
178    1
177    0
174    1
178    0
175    0
176    1
178    0
181    1
176    0
175    1
177    1
176    1
175    1
175    2

187    1
190    0
190    1
187    0
189    0
185    1
186    0
189    0
187    0
187    0
190    0
187    0
185    0
187    1
189    1
187    1
187    1
186    0
187    0
189    1
187    1
187    1
189    1
187    1
186    1
189    1
187    1
189    1
187    2
190    0
187    0
187    1
187    0
186    0
191    1
189    1
187    1
190    1
187    0
185    1
189    1
189    1
189    1
191    0
187    1
187    1
189    1
190    0
187    1
189    1
189    0
187    1
187    1
190    2
187    0
189    0
186    1
190    0
189    1
190    1
192    1
187    0
186    1
187    1
187    0
185    0
190    0
189    1
186    1
189    0
187    0
186    1
187    1
191    1
187    0
187    1
185    1
191    0
187    1
187    1
189    0
191    1
187    1
187    2
187    0
187    1
187    1
189    0
191    1
185    0
187    1
187    0
189    1
189    1
189    0
191    1
186    1
187    0
185    1
187    0

208    1
211    1
210    1
211    0
210    0
211    1
210    0
208    0
210    1
211    1
210    0
210    1
211    0
209    0
211    1
210    1
211    0
207    0
211    1
211    1
209    0
211    1
210    0
211    1
210    0
208    0
211    0
209    0
210    1
211    0
213    1
208    0
211    0
210    1
210    1
211    1
208    1
210    1
210    0
211    0
210    1
211    0
210    1
211    1
211    1
209    1
210    0
211    1
209    1
213    1
210    1
211    1
210    0
210    1
211    0
213    1
208    1
210    1
213    1
208    1
210    1
211    1
210    1
210    1
286    1
287    1
283    1
287    0
282    1
283    1
286    1
287    1
282    0
284    1
284    0
287    1
284    1
284    1
286    1
285    1
284    1
283    2
284    1
286    1
283    1
284    1
286    0
284    1
282    0
284    1
284    0
284    1
284    1
283    1
284    1
284    0
282    1
284    0
285    0
284    2
286    1
286    1
283    1
286    0
284    1
287    1
284    1
285    0
283    1
286    0
284    1
284    0
283    0
286    0
286    1
284    0
284    0
285    0
284    0
282    1
284    1
286    1
284    1
284    0
287    2
284    1
284    0
284    1
284    1
284    1
287    1
286    1
286    1
284    1
283    2
287    1
286    1
284    1
285    1
284    1
284    1
284    1
285    1
284    0
286    0
286    1
284    1
282    1
283    1
286    0
284    1
284    1
284    0
284    0
284    1
285    1
284    1
284    1
284    0
284    1
284    0
286    0
286    1
287    1

306    1
307    1
307    2
305    1
305    1
307    1
307    1
307    2
306    2
306    1
305    1
306    1
303    1
308    1
309    1
307    1
307    2
306    1
305    2
307    1
308    1
306    1
308    2
306    1
305    1
306    2
307    1
306    2
308    2
307    2
307    1
307    1
306    2
308    2
308    1
307    2
306    2
305    2
308    1
306    1
305    1
308    2
308    1
305    1
308    1
307    1
305    1
308    1
308    0
306    2
308    2
306    1
306    1
307    1
305    0
305    1
310    1
305    1
306    2
308    2
307    2
307    1
305    1
308    2
638    1
639    1
639    2
640    1
642    2
641    2
638    2
641    2
641    2
639    2
639    1
641    2
640    2
641    2
641    2
641    2
642    2
640    3
641    1
640    2
641    2
642    2
642    2
642    2
641    2
640    2
642    2
641    2
641    2
641    1
641    2
640    2
642    2
641    2
642    3
640    2
641    2
642    2
641    2
641    3
640    2
640    2
643    1
643    1
643    2
641    2
642    2
641    2
639    2
645    2
641    2
642    2
642    2
641    3
639    2
642    2
642    2
640    2
643    2
640    2
640    2
643    2
641    2
641    2
642    2
642    2
641    2
642    2
639    2
641    2
642    2
643    3
643    2
642    2
641    2
641    1
641    2
641    2
643    2
641    2
642    2
640    2
640    2
641    2
641    2
640    2
642    2
642    2
642    2
642    3
642    2
642    2
642    2
642    2
642    2
642    2
641    2
643    2
643    2
642    2

657    2
660    2
658    2
658    2
660    2
658    3
659    2
660    2
659    3
660    3
658    2
660    2
657    2
658    2
662    2
658    2
660    2
660    2
659    3
659    2
660    2
659    2
660    2
660    2
660    2
658    2
659    2
661    3
659    2
660    3
661    3
658    2
659    2
660    2
658    2
658    3
660    2
660    3
659    2
659    2
660    2
659    3
661    2
660    2
661    3
659    3
660    2
660    2
660    2
659    2
661    2
661    2
660    2
661    2
660    1
661    2
660    2
663    2
658    2
660    2
659    2
660    2
661    2
661    3
918    62
920    62
919    62
920    63
921    63
920    62
921    63
921    63
921    62
919    62
922    63
923    62
922    63
921    62
921    63
921    62
921    62
921    62
921    63
922    63
922    62
922    63
923    62
922    63
922    62
921    62
922    62
922    62
922    63
921    63
922    63
921    63
923    62
924    63
920    62
922    62
922    63
922    63
924    62
922    63
921    62
922    63
923    63
922    62
923    63
922    62
923    62
923    63
922    62
923    62
922    63
923    62
923    62
923    62
922    62
923    63
922    63
923    62
922    63
923    62
923    62
923    62
923    62
920    63
925    62
921    63
921    63
925    63
922    62
924    62
922    63
923    63
923    63
924    62
922    62
922    62
924    62
923    62
923    63
922    62
922    62
923    63
923    62
923    63
923    63
923    63
924    62
924    63
921    62
925    62
922    62
923    62
923    63
924    62
925    62
922    62
924    62
922    62
923    62
923    62

927    68
926    69
927    69
924    69
927    69
928    69
925    68
927    69
927    69
927    69
926    69
928    68
927    69
926    69
928    69
926    68
927    69
927    69
928    69
927    69
928    69
928    69
926    68
927    69
928    69
926    69
928    69
929    69
928    69
928    68
927    68
928    69
928    68
928    69
929    68
930    69
929    69
927    69
929    69
928    69
928    68
928    69
928    68
928    70
929    70
929    69
928    69
929    69
928    69
929    69
930    69
928    69
929    69
929    69
928    68
928    69
929    69
929    69
921009    280
1008    280
1009    280
1010    280
1009    281
1008    279
1010    280
1010    280
1011    280
1011    280
1009    280
1011    280
1010    280
1010    280
1011    280
1011    280
1010    280
1010    280
1012    280
1011    280
1010    280
1012    280
1010    281
1010    280
1013    280
1012    280
1010    280
1011    280
1010    280
1010    280
1011    280
1013    280
1012    280
1011    281
1013    280
1010    280
1011    281
1012    280
1011    280
1013    280
1012    279
1011    280
1011    280
1011    280
1011    280
1012    280
1011    280
1012    280
1013    280
1012    281
1011    280
1011    280
1012    279
1011    280
1012    280
1013    280
1011    280
1012    280
1012    280
1011    280
1012    280
1012    280
1011    280
1013    280
1012    280
1012    280
1011    280
1014    280
1011    280
1012    280
1012    280
1011    280
1013    280
1012    280
1012    280
1012    279
1012    279
1013    279
1013    280
1013    279
1011    280
1012    280
1013    280
1012    280
1012    280
1012    280
1016    280
1012    279
1013    280
1012    280
1013    280
1012    280
1013    279
1011    279
1013    279
1014    280
1012    279
1014    280
1012    279
1013    280

1012    291
1013    291
1013    292
1012    292
1012    291
1011    291
1011    291
1012    291
1012    292
1013    291
1013    291
1012    292
1013    292
1012    292
1013    291
1012    292
1013    292
1014    292
1012    292
1014    292
1014    292
1010    291
1015    292
1014    292
1011    292
1016    292
1015    292
1014    291
1013    292
1013    291
1014    293
1014    292
1016    292
1014    292
1015    292
1015    292
1013    292
1016    292
1014    292
1014    291
1014    292
1014    292
1013    292
1014    292
1014    292
1016    292
1013    292
1014    292
1016    292
1011049    522
1049    522
1050    523
1051    522
1051    523
1050    522
1050    523
1049    522
1050    522
1049    522
1050    522
1051    523
1049    523
1052    523
1051    523
1051    522
1051    523
1050    523
1050    523
1052    522
1051    522
1051    523
1051    523
1051    523
1052    522
1051    521
1052    522
1051    523
1053    523
1052    523
1051    522
1053    522
1051    523
1050    522
1053    523
1051    523
1053    522
1051    523
1051    522
1052    522
1052    523
1051    523
1052    523
1052    522
1052    522
1052    522
1053    523
1053    522
1053    522
1053    522
1052    523
1054    522
1052    522
1052    522
1053    523
1052    522
1053    522
1051    522
1054    523
1053    522
1053    522
1051    522
1052    521
1054    522
1053    521
1052    522
1054    521
1054    522
1051    522
1054    522
1052    523
1051    522
1052    522
1054    522
1053    522
1054    522
1053    522
1052    522
1053    521
1052    522
1051    522
1054    522
1052    522
1054    521
1053    521
1054    522
1051    521
1052    521
1053    522
1053    522
1054    521
1053    522
1054    522
1056    522
1051    521
1054    522
1054    522
1054    521
1053    521
1053    521

1052    535
1052    535
1052    535
1051    535
1053    535
1051    535
1054    535
1052    535
1052    535
1052    535
1053    535
1051    535
1053    535
1053    535
1052    536
1053    535
1053    535
1052    535
1052    535
1053    535
1052    535
1054    535
1056    535
1053    535
1056    535
1056    535
1053    535
1054    535
1054    535
1053    535
1052    535
1053    535
1054    535
1053    535
1054    535
1052    535
1054    535
1056    535
1056    535
1053    535
1054    535
1053    535
1054    535
1053    535
1056    535
1056    535
1056    535
1056    535
1053    535
1051076    740
1067    739
1080    740
1074    740
1076    740
1074    740
1076    739
1075    740
1074    740
1075    740
1074    741
1076    740
1074    740
1076    741
1076    740
1075    740
1077    740
1075    740
1076    740
1074    740
1076    741
1081    740
1076    740
1076    740
1076    740
1077    740
1076    740
1076    740
1077    739
1075    740
1078    740
1075    740
1075    740
1077    740
1075    740
1077    739
1077    740
1076    739
1078    739
1076    740
1072    740
1081    740
1076    740
1077    740
1076    740
1076    739
1077    740
1076    740
1076    740
1077    739
1075    739
1076    739
1078    740
1076    740
1076    740
1078    740
1078    740
1077    739
1076    739
1077    739
1080    739
1075    739
1077    739
1076    739
1080    739
1076    739
1076    739
1077    739
1075    739
1076    739
1078    739
1076    739
1078    739
1075    739
1080    739
1076    739
1076    739
1077    738
1080    738
1072    739
1080    738
1076    739
1078    738
1076    738
1076    738
1080    738
1076    738
1080    738
1075    739
1077    738
1077    739
1075    739
1076    739
1077    739
1080    738
1077    739
1077    738
1078    739
1077    738
1081    738

1075    752
1074    752
1076    752
1076    752
1075    752
1075    753
1075    752
1076    752
1076    752
1075    752
1076    752
1076    752
1077    752
1076    752
1076    752
1076    752
1076    752
1077    752
1077    753
1078    752
1076    752
1077    752
1076    752
1076    752
1078    752
1077    753
1076    752
1080    752
1077    752
1077    752
1080    752
1077    752
1076    752
1080    752
1077    752
1080    753
1077    752
1077    752
1077    752
1078    752
1078    752
1078    752
1077    752
1080    752
1075    752
1079    752
1076    752
1077    752
1080    752
1071089    906
1089    906
1091    906
1091    906
1089    907
1091    906
1090    906
1091    906
1090    906
1091    906
1092    907
1091    907
1090    906
1092    906
1090    907
1091    907
1091    906
1091    906
1091    907
1090    906
1091    907
1092    907
1092    906
1092    906
1091    906
1092    906
1094    907
1092    906
1092    906
1094    907
1092    906
1092    907
1093    907
1091    906
1093    906
1093    906
1092    906
1093    906
1093    907
1092    906
1093    906
1091    907
1093    906
1092    907
1093    907
1094    906
1093    907
1091    907
1093    907
1093    906
1093    906
1093    906
1093    905
1093    905
1092    906
1093    906
1093    905
1093    906
1093    905
1096    906
1093    906
1092    906
1092    905
1094    906
1092    905
1096    906
1094    905
1092    906
1092    905
1092    905
1094    905
1094    905
1092    905
1094    905
1093    905
1092    906
1093    905
1096    905
1092    905
1093    905
1093    905
1093    905
1093    904
1092    905
1092    905
1093    905
1094    904
1094    905
1093    905
1093    905
1094    905
1092    904
1094    904
1094    904
1092    904
1096    904
1092    904
1093    904
1093    904
1092    904

1091    924
1092    923
1092    923
1091    923
1091    923
1090    923
1092    923
1092    924
1092    924
1091    924
1092    924
1092    924
1093    924
1092    923
1093    923
1093    923
1092    923
1094    923
1093    924
1091    923
1092    923
1093    924
1093    924
1094    924
1096    923
1093    924
1092    924
1096    924
1092    924
1092    923
1096    924
1092    923
1093    924
1093    923
1093    923
1094    924
1092    923
1093    923
1094    923
1094    924
1093    923
1093    923
1094    924
1094    924
1094    923
1096    923
1094    923
1093    923
1093    923
1091104    1075
1105    1076
1105    1075
1106    1076
1105    1076
1105    1075
1105    1076
1107    1076
1105    1076
1107    1077
1107    1076
1106    1076
1105    1076
1108    1076
1107    1077
1106    1077
1109    1076
1107    1077
1106    1077
1107    1076
1108    1077
1105    1076
1112    1076
1107    1077
1107    1077
1107    1077
1107    1076
1108    1076
1107    1077
1107    1077
1107    1076
1108    1076
1107    1076
1108    1076
1109    1076
1108    1077
1108    1077
1108    1076
1109    1076
1108    1077
1109    1077
1109    1076
1108    1077
1108    1077
1107    1076
1109    1076
1108    1076
1107    1076
1108    1076
1108    1075
1109    1076
1109    1076
1109    1076
1107    1077
1108    1076
1108    1076
1109    1076
1107    1076
1108    1075
1109    1075
1107    1076
1113    1075
1108    1076
1109    1076
1109    1076
1107    1076
1109    1076
1109    1076
1109    1075
1107    1076
1112    1075
1109    1075
1108    1075
1108    1075
1112    1075
1108    1075
1109    1075
1112    1075
1112    1075
1110    1075
1109    1075
1112    1075
1109    1075
1109    1074
1109    1074
1109    1074
1109    1075
1107    1074
1110    1074
1108    1074
1109    1074
1108    1074
1108    1075
1109    1074
1109    1074
1109    1074
1107    1074
1110    1074
1109    1074
1109    1074

1104    1083
1105    1083
1107    1083
1104    1083
1106    1083
1106    1083
1104    1084
1107    1083
1107    1084
1105    1084
1106    1084
1108    1084
1106    1083
1108    1084
1106    1084
1106    1084
1108    1084
1107    1084
1106    1083
1109    1085
1107    1084
1108    1084
1108    1084
1107    1084
1108    1084
1107    1083
1108    1084
1109    1085
1107    1085
1110    1084
1109    1084
1107    1084
1109    1084
1106    1085
1108    1084
1110    1084
1107    1084
1109    1084
1108    1084
1108    1084
1110    1084
1109    1083
1106    1084
1110    1084
1108    1084
1109    101116    1239
1117    1239
1116    1239
1118    1239
1116    1239
1121    1239
1115    1239
1117    1240
1117    1239
1120    1240
1116    1240
1120    1240
1120    1239
1119    1240
1117    1240
1120    1240
1120    1240
1117    1239
1120    1239
1121    1240
1118    1240
1120    1240
1117    1239
1120    1239
1121    1239
1115    1240
1120    1239
1120    1240
1118    1240
1118    1240
1120    1239
1120    1240
1120    1240
1120    1240
1121    1240
1120    1240
1120    1239
1120    1239
1120    1240
1120    1239
1120    1239
1118    1240
1120    1239
1121    1240
1115    1239
1120    1238
1120    1239
1120    1239
1120    1239
1120    1239
1117    1239
1120    1239
1120    1239
1120    1239
1120    1238
1120    1239
1120    1239
1121    1239
1118    1239
1120    1239
1121    1239
1120    1238
1120    1239
1115    1238
1124    1238
1120    1239
1120    1239
1120    1239
1121    1238
1120    1238
1120    1238
1121    1238
1122    1238
1120    1238
1120    1238
1120    1238
1121    1238
1120    1238
1120    1238
1120    1238
1120    1237
1118    1238
1120    1238
1120    1238
1120    1238
1120    1238
1121    1237
1120    1238
1120    1237
1120    1237
1120    1237
1121    1238
1120    1237
1120    1237
1120    1237
1121    1237
1120    1237
1121    1237
1121    1237
1122    1237

1116    1252
1118    1252
1117    1252
1116    1252
1120    1252
1120    1252
1117    1252
1120    1252
1120    1252
1117    1252
1120    1252
1120    1252
1118    1252
1117    1253
1120    1252
1119    1252
1118    1253
1121    1252
1120    1252
1118    1252
1120    1252
1120    1252
1120    1253
1121    1253
1120    1252
1120    1253
1120    1252
1120    1253
1120    1253
1120    1253
1120    1252
1120    1253
1120    1252
1122    1252
1120    1252
1121    1252
1122    1253
1121    1253
1121    1252
1120    1253
1121    1252
1121    1252
1120    1252
1121    1253
1121    1253
1120    121128    1368
1124    1368
1128    1368
1120    1368
1123    1368
1125    1367
1126    1368
1125    1369
1128    1368
1128    1369
1126    1368
1128    1368
1126    1368
1128    1368
1128    1368
1128    1368
1126    1368
1128    1368
1128    1369
1128    1368
1128    1369
1128    1368
1128    1369
1128    1369
1128    1369
1126    1369
1128    1369
1128    1369
1128    1368
1128    1369
1128    1369
1129    1368
1128    1369
1129    1369
1128    1369
1128    1369
1128    1368
1128    1368
1128    1368
1129    1369
1129    1368
1128    1369
1124    1368
1129    1368
1128    1368
1129    1368
1129    1368
1129    1368
1128    1368
1128    1368
1129    1368
1128    1368
1128    1368
1128    1368
1128    1368
1128    1368
1130    1368
1129    1368
1129    1368
1129    1367
1128    1367
1129    1368
1128    1367
1128    1368
1128    1368
1130    1368
1129    1367
1131    1367
1129    1367
1128    1367
1129    1367
1129    1367
1129    1367
1128    1367
1130    1367
1128    1367
1130    1367
1129    1367
1129    1367
1129    1366
1130    1367
1123    1367
1129    1367
1129    1366
1129    1367
1131    1366
1129    1366
1129    1366
1129    1366
1130    1366
1129    1366
1128    1366
1130    1366
1129    1365
1128    1366
1130    1366
1130    1365
1128    1366
1129    1366
1131    1366

1126    1384
1128    1384
1128    1384
1126    1384
1126    1385
1128    1384
1128    1385
1124    1385
1128    1384
1128    1385
1128    1384
1129    1384
1128    1385
1128    1385
1128    1385
1128    1384
1126    1385
1128    1385
1128    1385
1128    1385
1128    1385
1129    1385
1128    1385
1128    1385
1130    1384
1129    1385
1129    1385
1129    1385
1129    1385
1128    1385
1129    1385
1129    1384
1128    1385
1130    1385
1131    1385
1129    1385
1128    1385
1130    1386
1128    1384
1128    1385
1131    1385
1128    1384
1131    1385
1131    1384
1129    1385
1129    131132    1500
1136    1500
1132    1500
1133    1500
1136    1501
1133    1501
1134    1501
1132    1501
1133    1502
1136    1501
1134    1501
1136    1501
1136    1501
1132    1501
1136    1501
1136    1501
1136    1502
1136    1501
1136    1502
1136    1502
1136    1502
1136    1501
1136    1501
1136    1502
1136    1501
1137    1502
1136    1502
1134    1502
1136    1501
1136    1501
1137    1502
1136    1501
1138    1502
1136    1502
1136    1502
1137    1502
1137    1502
1136    1502
1136    1501
1136    1502
1138    1502
1137    1502
1136    1502
1137    1501
1136    1501
1137    1501
1137    1501
1136    1501
1138    1502
1137    1501
1136    1501
1137    1501
1138    1501
1137    1501
1139    1502
1137    1501
1137    1501
1137    1501
1137    1501
1138    1501
1139    1501
1139    1501
1137    1500
1137    1501
1138    1501
1137    1501
1137    1501
1138    1501
1137    1501
1136    1501
1139    1500
1137    1501
1137    1500
1139    1500
1137    1500
1139    1500
1137    1500
1137    1500
1138    1500
1138    1500
1137    1500
1139    1500
1137    1500
1136    1500
1137    1500
1136    1500
1136    1500
1136    1498
1139    1497
1137    1498
1137    1497
1138    1497
1137    1498
1136    1497
1139    1497
1137    1497
1138    1497
1137    1497
1137    1497
1137    1497

1136    1514
1136    1514
1133    1514
1136    1514
1133    1514
1136    1514
1136    1515
1134    1515
1136    1515
1136    1515
1136    1515
1136    1515
1136    1515
1136    1515
1136    1515
1136    1515
1136    1515
1137    1517
1136    1515
1137    1515
1136    1517
1136    1517
1136    1515
1136    1515
1137    1517
1136    1515
1136    1517
1138    1515
1136    1517
1137    1517
1139    1515
1136    1515
1137    1517
1136    1515
1136    1515
1136    1517
1137    1517
1137    1517
1138    1515
1137    1515
1137    1515
1138    1515
1136    1515
1137    1515
1137    1515
1136    151139    1592
1137    1593
1139    1593
1140    1593
1140    1593
1140    1593
1140    1593
1140    1593
1144    1593
1140    1593
1140    1593
1142    1593
1140    1593
1141    1593
1140    1593
1141    1594
1141    1593
1139    1593
1140    1593
1144    1593
1141    1593
1144    1593
1141    1593
1144    1593
1140    1593
1139    1593
1144    1593
1140    1593
1136    1593
1141    1593
1142    1593
1142    1593
1142    1594
1144    1593
1141    1593
1144    1593
1141    1593
1144    1593
1144    1593
1142    1593
1141    1593
1144    1593
1141    1593
1141    1593
1144    1593
1144    1593
1144    1593
1146    1593
1144    1593
1141    1593
1142    1593
1144    1592
1144    1593
1144    1593
1144    1593
1144    1593
1144    1593
1142    1591
1144    1592
1144    1592
1141    1592
1142    1591
1144    1591
1141    1592
1142    1592
1145    1592
1142    1591
1146    1591
1144    1591
1144    1592
1144    1592
1141    1591
1144    1591
1144    1591
1144    1591
1144    1591
1144    1591
1144    1591
1144    1591
1144    1591
1144    1591
1144    1591
1144    1591
1144    1591
1144    1591
1144    1590
1148    1590
1144    1590
1144    1591
1145    1590
1145    1590
1144    1590
1145    1590
1144    1589
1144    1590
1144    1589
1144    1589
1144    1590
1141    1590
1145    1590

1142    1602
1139    1602
1139    1602
1139    1602
1140    1603
1139    1602
1140    1603
1140    1602
1140    1603
1139    1603
1141    1603
1141    1603
1141    1603
1141    1603
1140    1602
1139    1603
1140    1603
1144    1603
1141    1603
1144    1603
1144    1603
1142    1603
1144    1603
1141    1603
1144    1605
1144    1603
1141    1603
1141    1603
1144    1603
1140    1603
1139    1603
1144    1603
1144    1602
1140    1602
1144    1603
1141    1603
1144    1603
1144    1603
1144    1603
1144    1603
1144    1603
1140    1603
1144    1602
1144    1602
1140    1603
1142    161144    1689
1144    1688
1145    1689
1144    1688
1145    1689
1147    1689
1144    1689
1144    1689
1146    1689
1146    1689
1145    1689
1145    1689
1146    1689
1147    1689
1147    1689
1146    1689
1146    1689
1147    1689
1146    1689
1147    1689
1147    1689
1147    1690
1147    1689
1148    1689
1146    1689
1148    1689
1147    1689
1147    1689
1148    1689
1149    1690
1148    1690
1148    1689
1148    1690
1149    1689
1146    1689
1148    1689
1148    1689
1147    1689
1149    1689
1147    1689
1147    1689
1147    1689
1148    1689
1148    1689
1147    1689
1146    1689
1149    1689
1148    1689
1147    1688
1147    1689
1148    1689
1149    1689
1148    1688
1146    1688
1149    1689
1146    1688
1148    1689
1147    1689
1147    1690
1149    1688
1148    1689
1148    1688
1149    1688
1147    1688
1149    1689
1148    1688
1148    1688
1148    1687
1148    1688
1149    1687
1149    1687
1149    1687
1148    1687
1149    1687
1150    1687
1149    1687
1148    1687
1150    1687
1148    1686
1149    1687
1149    1687
1148    1687
1150    1686
1148    1687
1147    1686
1148    1686
1148    1686
1149    1686
1147    1685
1148    1686
1148    1685
1149    1685
1148    1685
1148    1685
1148    1685
1149    1686
1149    1685
1150    1685
1147    1685
1148    1685

1144    1701
1146    1701
1145    1701
1145    1701
1145    1702
1145    1701
1145    1702
1147    1702
1147    1702
1145    1702
1148    1702
1146    1702
1145    1702
1147    1702
1148    1702
1145    1702
1148    1702
1149    1702
1145    1702
1147    1702
1148    1702
1148    1702
1147    1702
1147    1702
1148    1702
1147    1702
1148    1702
1148    1702
1147    1702
1149    1702
1147    1702
1148    1702
1148    1702
1149    1702
1147    1702
1149    1702
1149    1702
1149    1702
1148    1702
1148    1702
1152    1702
1148    1701
1148    1702
1148    1702
1149    1702
1148    171150    1775
1149    1775
1149    1775
1149    1775
1149    1775
1149    1775
1150    1775
1149    1775
1149    1775
1152    1775
1152    1775
1152    1776
1152    1775
1152    1775
1153    1776
1149    1776
1153    1776
1152    1776
1149    1776
1153    1775
1152    1776
1152    1775
1152    1776
1153    1776
1150    1776
1153    1776
1152    1776
1152    1776
1153    1776
1153    1776
1153    1776
1152    1776
1154    1776
1153    1775
1153    1776
1154    1776
1152    1776
1153    1776
1153    1775
1153    1776
1153    1775
1153    1776
1153    1776
1153    1775
1153    1775
1153    1775
1153    1775
1152    1776
1154    1776
1152    1775
1155    1776
1153    1775
1154    1775
1154    1775
1154    1775
1155    1775
1153    1775
1152    1775
1154    1775
1155    1775
1153    1775
1153    1775
1152    1775
1153    1775
1153    1775
1153    1775
1154    1775
1155    1775
1155    1775
1153    1775
1153    1775
1153    1775
1154    1775
1154    1775
1153    1775
1153    1775
1154    1775
1154    1775
1155    1775
1155    1772
1155    1772
1153    1775
1153    1772
1155    1772
1152    1775
1152    1775
1153    1775
1152    1772
1153    1772
1155    1772
1153    1772
1154    1771
1156    1771
1153    1772
1154    1771
1154    1771
1154    1771
1154    1771
1152    1771
1153    1772

1152    1786
1150    1787
1152    1787
1152    1787
1150    1788
1152    1787
1152    1787
1150    1788
1152    1787
1148    1788
1152    1788
1152    1788
1152    1788
1152    1788
1152    1789
1153    1788
1150    1788
1152    1788
1152    1788
1152    1788
1152    1788
1152    1788
1152    1788
1152    1788
1152    1788
1152    1788
1152    1788
1152    1788
1155    1788
1153    1788
1153    1788
1152    1788
1155    1788
1152    1787
1152    1788
1155    1788
1152    1788
1153    1788
1152    1788
1153    1788
1153    1787
1153    1788
1154    1788
1155    1788
1153    1787
1155    171155    1851
1155    1852
1155    1852
1154    1852
1155    1852
1154    1853
1154    1853
1155    1855
1155    1853
1155    1852
1156    1853
1155    1855
1155    1853
1156    1853
1155    1855
1155    1855
1156    1855
1155    1853
1156    1853
1156    1855
1155    1855
1157    1853
1152    1855
1155    1855
1158    1855
1156    1855
1156    1855
1156    1855
1155    1855
1155    1855
1155    1855
1157    1855
1156    1855
1157    1853
1156    1853
1157    1852
1156    1853
1156    1855
1157    1852
1157    1853
1155    1852
1160    1853
1160    1852
1156    1852
1156    1852
1156    1852
1157    1852
1158    1852
1157    1852
1157    1852
1158    1852
1158    1852
1157    1852
1156    1851
1158    1852
1160    1851
1156    1852
1157    1851
1160    1852
1156    1851
1157    1852
1160    1851
1157    1851
1157    1851
1158    1851
1157    1851
1160    1851
1157    1851
1157    1851
1160    1850
1157    1850
1157    1850
1157    1850
1156    1850
1156    1850
1157    1850
1156    1850
1158    1850
1157    1850
1160    1850
1157    1850
1157    1850
1158    1850
1156    1850
1157    1850
1160    1850
1158    1850
1157    1850
1157    1850
1157    1850
1160    1849
1156    1849
1156    1849
1160    1850
1158    1848
1157    1848
1160    1849
1157    1849
1158    1848
1160    1848

1155    1867
1154    1867
1155    1867
1155    1867
1155    1867
1156    1867
1155    1868
1156    1868
1155    1868
1155    1868
1156    1867
1155    1868
1156    1868
1158    1868
1155    1868
1156    1868
1157    1868
1155    1868
1156    1868
1157    1868
1156    1868
1157    1868
1157    1868
1157    1867
1156    1868
1156    1868
1158    1868
1157    1868
1156    1868
1158    1867
1158    1868
1157    1869
1157    1867
1157    1868
1157    1866
1158    1867
1157    1867
1155    1868
1160    1867
1157    1868
1157    1867
1158    1867
1160    1867
1158    1867
1160    1867
1156    181160    1932
1158    1935
1160    1935
1158    1935
1161    1935
1160    1935
1160    1935
1160    1935
1160    1935
1157    1935
1160    1935
1160    1935
1160    1935
1160    1935
1160    1935
1160    1935
1161    1935
1161    1935
1157    1935
1160    1935
1161    1935
1161    1935
1160    1935
1161    1935
1161    1935
1160    1936
1161    1935
1161    1935
1161    1935
1160    1936
1163    1936
1161    1935
1162    1935
1162    1935
1161    1935
1161    1935
1162    1935
1162    1935
1160    1935
1162    1935
1163    1935
1162    1935
1161    1935
1161    1935
1162    1935
1161    1935
1163    1935
1162    1935
1162    1935
1161    1935
1163    1935
1161    1935
1163    1935
1161    1935
1163    1935
1162    1935
1161    1935
1165    1935
1162    1935
1162    1935
1162    1935
1163    1935
1164    1935
1162    1935
1163    1935
1163    1935
1161    1935
1163    1933
1161    1935
1162    1933
1163    1932
1162    1932
1161    1935
1163    1932
1161    1932
1162    1932
1163    1932
1161    1932
1161    1931
1163    1932
1162    1932
1163    1931
1163    1932
1162    1931
1163    1932
1161    1931
1163    1930
1161    1931
1161    1931
1163    1931
1161    1931
1161    1931
1162    1930
1163    1930
1161    1930
1161    1931
1168    1930
1162    1930
1161    1930
1163    1930

1160    1943
1160    1944
1157    1944
1160    1944
1160    1944
1160    1944
1161    1944
1160    1945
1160    1944
1160    1944
1160    1945
1160    1945
1160    1945
1161    1946
1160    1946
1160    1945
1161    1946
1160    1946
1160    1946
1161    1946
1161    1946
1161    1946
1161    1946
1161    1944
1161    1945
1163    1946
1161    1946
1161    1946
1161    1946
1161    1946
1161    1946
1162    1946
1161    1946
1162    1946
1162    1946
1161    1946
1162    1946
1161    1945
1161    1945
1163    1945
1163    1946
1161    1946
1161    1944
1163    1946
1163    1946
1163    191162    2005
1160    2006
1162    2006
1163    2005
1163    2006
1163    2006
1163    2006
1162    2009
1163    2006
1163    2006
1162    2006
1163    2009
1164    2006
1163    2006
1163    2006
1164    2006
1163    2009
1164    2006
1164    2009
1163    2006
1163    2006
1164    2009
1164    2006
1163    2009
1163    2009
1164    2006
1164    2006
1164    2006
1165    2006
1163    2006
1165    2009
1164    2006
1164    2009
1165    2006
1165    2006
1163    2009
1164    2006
1164    2006
1165    2006
1164    2006
1166    2005
1164    2005
1165    2006
1164    2006
1165    2006
1164    2005
1166    2005
1164    2005
1164    2005
1164    2005
1165    2005
1165    2005
1164    2005
1165    2005
1165    2004
1165    2005
1164    2005
1165    2005
1165    2004
1165    2005
1164    2004
1166    2004
1165    2004
1164    2004
1165    2004
1165    2004
1165    2004
1165    2004
1164    2004
1164    2004
1166    2004
1164    2004
1164    2004
1165    2004
1168    2004
1164    2004
1164    2004
1165    2004
1166    2003
1165    2004
1168    2004
1165    2004
1166    2004
1168    2003
1165    2004
1165    2004
1165    2003
1166    2002
1164    2002
1165    2002
1165    2002
1165    2002
1164    2002
1165    2002
1166    2002
1168    2002
1165    2001
1164    2002
1168    2001
1165    2001

1162    2025
1164    2025
1163    2025
1164    2026
1164    2025
1163    2026
1163    2026
1164    2026
1163    2025
1164    2026
1165    2026
1163    2026
1164    2026
1165    2026
1164    2026
1165    2026
1165    2027
1164    2027
1165    2026
1165    2026
1164    2026
1165    2026
1165    2026
1165    2026
1165    2026
1168    2026
1165    2026
1165    2026
1165    2026
1165    2026
1168    2026
1168    2026
1168    2026
1168    2026
1168    2028
1165    2027
1168    2026
1165    2026
1165    2026
1168    2026
1165    2026
1165    2026
1166    2026
1165    2025
1168    2026
1168    201165    2082
1166    2082
1165    2084
1165    2082
1168    2083
1166    2082
1168    2083
1168    2083
1168    2084
1168    2083
1168    2083
1168    2084
1168    2084
1168    2084
1168    2084
1169    2084
1168    2084
1168    2084
1168    2084
1169    2084
1168    2084
1168    2084
1168    2084
1168    2084
1169    2084
1169    2084
1168    2084
1170    2084
1168    2084
1168    2084
1168    2084
1168    2084
1168    2084
1169    2084
1169    2084
1169    2084
1171    2084
1170    2084
1168    2084
1169    2084
1171    2084
1169    2084
1169    2084
1170    2084
1169    2084
1170    2084
1169    2084
1169    2084
1169    2082
1169    2084
1169    2084
1169    2084
1171    2083
1170    2084
1170    2083
1170    2084
1171    2084
1171    2084
1170    2084
1170    2082
1169    2082
1169    2082
1170    2082
1170    2082
1171    2082
1170    2082
1169    2082
1171    2082
1171    2082
1171    2082
1168    2082
1171    2081
1170    2081
1170    2081
1170    2082
1169    2081
1171    2081
1170    2081
1171    2081
1169    2081
1170    2081
1169    2081
1171    2081
1171    2081
1171    2081
1170    2081
1171    2081
1171    2078
1171    2078
1170    2078
1171    2078
1169    2081
1171    2078
1171    2081
1170    2078
1170    2078
1170    2078
1170    2078
1170    2078
1171    2078

1166    2097
1166    2097
1168    2097
1168    2097
1168    2098
1169    2097
1166    2098
1168    2097
1168    2098
1166    2098
1168    2097
1168    2098
1168    2097
1168    2098
1168    2098
1168    2098
1169    2097
1169    2098
1169    2098
1168    2098
1168    2098
1169    2099
1169    2098
1168    2098
1168    2099
1170    2099
1169    2099
1169    2098
1169    2098
1169    2098
1170    2098
1170    2098
1170    2098
1170    2099
1171    2098
1170    2099
1170    2098
1171    2098
1170    2098
1169    2099
1169    2099
1171    2098
1169    2098
1168    2098
1171    2098
1172    201171    2154
1170    2155
1170    2155
1169    2154
1171    2155
1171    2156
1171    2156
1171    2156
1171    2156
1171    2156
1170    2156
1171    2156
1172    2156
1172    2156
1172    2156
1172    2156
1171    2156
1170    2156
1172    2156
1172    2156
1171    2156
1173    2156
1172    2154
1173    2156
1172    2156
1176    2156
1173    2156
1172    2157
1172    2156
1171    2156
1172    2156
1172    2156
1173    2156
1172    2156
1172    2156
1173    2156
1172    2156
1172    2156
1173    2156
1174    2156
1173    2156
1173    2156
1173    2156
1171    2156
1172    2156
1173    2156
1171    2156
1176    2155
1173    2154
1172    2156
1172    2154
1176    2156
1173    2154
1172    2156
1176    2155
1172    2154
1176    2154
1173    2155
1176    2156
1176    2154
1173    2154
1173    2154
1173    2154
1173    2154
1173    2154
1172    2153
1173    2153
1173    2153
1173    2154
1173    2154
1176    2154
1173    2153
1173    2154
1176    2153
1174    2153
1173    2153
1176    2153
1173    2153
1173    2153
1173    2153
1174    2153
1176    2153
1173    2153
1176    2153
1174    2153
1173    2153
1174    2153
1174    2153
1176    2153
1173    2153
1173    2153
1174    2150
1174    2153
1172    2150
1176    2150
1172    2150
1176    2153
1173    2149
1173    2150
1173    2149

1170    2165
1171    2165
1169    2165
1171    2165
1170    2166
1171    2166
1171    2166
1171    2166
1171    2166
1172    2166
1171    2166
1171    2166
1171    2165
1172    2166
1172    2166
1171    2166
1172    2169
1172    2166
1173    2166
1171    2166
1173    2166
1172    2166
1172    2166
1172    2166
1174    2166
1172    2166
1171    2166
1172    2166
1172    2166
1172    2166
1172    2166
1173    2166
1172    2166
1173    2165
1172    2166
1172    2166
1173    2166
1173    2166
1173    2165
1172    2165
1171    2166
1174    2166
1172    2165
1172    2166
1174    2165
1173    211172    2221
1171    2221
1173    2221
1176    2221
1171    2221
1173    2221
1176    2222
1173    2221
1176    2222
1176    2221
1174    2221
1176    2222
1176    2222
1174    2222
1176    2221
1176    2222
1173    2222
1174    2221
1176    2222
1172    2222
1176    2221
1176    2222
1173    2222
1176    2221
1176    2222
1174    2222
1176    2222
1177    2221
1173    2222
1176    2221
1176    2222
1177    2221
1176    2221
1177    2222
1176    2222
1176    2222
1176    2221
1176    2221
1176    2221
1176    2221
1176    2222
1177    2221
1176    2221
1176    2221
1177    2221
1176    2221
1176    2221
1177    2221
1176    2221
1176    2220
1176    2221
1176    2221
1176    2221
1176    2221
1176    2220
1176    2220
1176    2220
1177    2220
1176    2221
1177    2220
1176    2220
1177    2220
1177    2220
1176    2220
1176    2220
1178    2220
1176    2220
1177    2220
1179    2220
1176    2220
1177    2220
1176    2220
1176    2220
1176    2220
1177    2220
1176    2220
1174    2220
1177    2220
1176    2220
1176    2220
1176    2219
1177    2220
1176    2219
1176    2218
1176    2218
1176    2218
1177    2218
1176    2218
1178    2218
1177    2217
1176    2217
1177    2218
1177    2217
1177    2218
1178    2217
1177    2218
1176    2217
1176    2217
1177    2217
1176    2218

1173    2233
1172    2233
1171    2234
1174    2233
1176    2233
1171    2233
1176    2234
1176    2234
1173    2234
1176    2234
1174    2234
1176    2234
1176    2233
1176    2234
1176    2234
1176    2234
1176    2234
1173    2234
1176    2234
1176    2234
1174    2234
1176    2234
1173    2235
1176    2234
1176    2234
1176    2235
1177    2234
1176    2235
1176    2234
1176    2234
1173    2234
1177    2235
1177    2234
1177    2234
1176    2234
1177    2234
1176    2234
1176    2234
1177    2234
1177    2234
1176    2234
1178    2234
1176    2233
1177    2234
1177    2234
1176    221176    2292
1178    2292
1177    2293
1177    2293
1177    2293
1177    2293
1177    2293
1177    2293
1176    2293
1178    2293
1177    2293
1176    2293
1181    2293
1173    2293
1182    2293
1178    2293
1179    2293
1176    2293
1181    2294
1179    2293
1176    2293
1180    2293
1179    2293
1177    2293
1179    2293
1179    2294
1178    2293
1179    2293
1179    2293
1179    2293
1179    2293
1181    2293
1179    2293
1179    2293
1180    2293
1179    2293
1179    2293
1180    2293
1180    2293
1179    2293
1180    2293
1180    2293
1180    2293
1179    2293
1179    2293
1180    2293
1181    2292
1178    2293
1179    2293
1180    2293
1180    2293
1180    2293
1180    2293
1184    2292
1180    2293
1181    2291
1179    2291
1179    2291
1180    2293
1181    2292
1179    2292
1180    2291
1180    2291
1180    2291
1179    2291
1180    2291
1180    2291
1179    2291
1181    2290
1181    2290
1181    2291
1179    2291
1180    2290
1180    2291
1184    2290
1181    2290
1180    2290
1182    2290
1179    2290
1179    2290
1182    2290
1181    2290
1180    2290
1180    2290
1181    2290
1180    2290
1180    2288
1180    2288
1182    2290
1179    2287
1182    2288
1181    2287
1180    2287
1181    2287
1179    2287
1181    2287
1173    2287
1184    2287
1181    2286
1180    2285

1178    2302
1177    2303
1176    2303
1177    2302
1177    2303
1179    2303
1177    2304
1178    2304
1179    2304
1177    2304
1179    2303
1177    2304
1178    2304
1178    2306
1179    2306
1179    2303
1181    2303
1177    2304
1179    2304
1181    2303
1177    2304
1179    2306
1180    2304
1179    2304
1179    2303
1180    2304
1180    2304
1178    2303
1181    2304
1179    2303
1178    2304
1180    2304
1179    2304
1180    2303
1179    2303
1180    2303
1180    2303
1180    2303
1179    2303
1181    2303
1179    2303
1180    2303
1178    2303
1179    2303
1179    2303
1179    231179    2350
1179    2351
1179    2351
1180    2351
1178    2352
1181    2351
1179    2351
1180    2352
1180    2352
1180    2352
1179    2351
1180    2352
1181    2352
1181    2352
1181    2354
1181    2354
1184    2352
1181    2352
1182    2352
1177    2351
1184    2352
1180    2354
1181    2354
1182    2354
1182    2351
1181    2352
1180    2352
1180    2352
1184    2351
1180    2351
1184    2351
1181    2352
1181    2351
1184    2354
1182    2352
1184    2352
1184    2352
1181    2354
1185    2352
1181    2352
1184    2351
1182    2351
1182    2351
1184    2351
1184    2352
1184    2351
1181    2351
1182    2351
1182    2351
1182    2350
1184    2351
1184    2351
1184    2351
1184    2351
1184    2350
1180    2350
1182    2351
1184    2351
1182    2351
1182    2350
1184    2350
1184    2349
1181    2350
1184    2349
1181    2349
1184    2350
1184    2349
1182    2349
1184    2350
1184    2349
1184    2349
1184    2349
1181    2349
1181    2349
1184    2349
1181    2349
1184    2349
1184    2349
1184    2349
1181    2349
1184    2349
1182    2349
1184    2349
1184    2349
1184    2349
1184    2349
1184    2349
1184    2349
1184    2348
1184    2348
1185    2347
1184    2347
1184    2348
1184    2347
1184    2347
1183    2347
1184    2347
1185    2347
1184    2347
1184    2346

1181    2373
1180    2374
1180    2373
1180    2374
1181    2374
1180    2374
1181    2374
1179    2375
1180    2374
1182    2374
1181    2375
1184    2374
1184    2374
1184    2375
1181    2374
1184    2374
1184    2374
1181    2374
1182    2374
1182    2375
1182    2374
1184    2375
1184    2374
1181    2374
1184    2375
1184    2375
1181    2374
1184    2375
1184    2375
1184    2374
1184    2375
1184    2375
1184    2375
1184    2374
1185    2375
1185    2374
1184    2374
1184    2374
1185    2375
1184    2374
1184    2374
1184    2374
1184    2374
1184    2374
1184    2374
1184    231181    2429
1184    2429
1184    2430
1181    2430
1185    2430
1184    2430
1184    2430
1184    2430
1184    2431
1184    2431
1184    2431
1184    2431
1186    2431
1184    2430
1185    2431
1185    2431
1184    2431
1185    2431
1185    2431
1185    2431
1184    2431
1185    2431
1184    2431
1184    2431
1186    2431
1184    2431
1185    2431
1187    2431
1186    2431
1186    2431
1186    2431
1186    2431
1187    2431
1187    2431
1187    2431
1187    2431
1186    2431
1185    2431
1186    2431
1186    2431
1185    2430
1187    2431
1185    2431
1185    2430
1185    2430
1187    2430
1186    2430
1186    2430
1188    2430
1186    2431
1187    2430
1187    2430
1187    2431
1186    2430
1192    2429
1185    2429
1187    2429
1186    2430
1186    2429
1186    2430
1186    2429
1186    2429
1189    2429
1186    2430
1185    2429
1188    2429
1187    2429
1184    2429
1189    2429
1186    2429
1186    2429
1188    2428
1189    2429
1185    2429
1187    2427
1188    2428
1186    2427
1188    2429
1189    2428
1186    2427
1188    2427
1188    2427
1186    2428
1187    2427
1188    2427
1187    2427
1187    2427
1189    2427
1187    2427
1187    2426
1189    2427
1185    2426
1187    2426
1188    2426
1187    2426
1187    2426
1187    2426
1188    2426
1187    2426
1186    2426

1185    2443
1184    2443
1184    2443
1185    2443
1184    2443
1184    2443
1185    2445
1184    2444
1185    2445
1187    2445
1184    2443
1185    2444
1185    2445
1187    2444
1184    2445
1185    2445
1185    2445
1185    2445
1185    2445
1185    2445
1184    2445
1187    2445
1185    2445
1186    2445
1188    2445
1185    2445
1187    2445
1186    2445
1187    2445
1188    2445
1186    2445
1186    2445
1188    2445
1185    2445
1187    2445
1186    2445
1187    2445
1187    2445
1187    2445
1186    2445
1188    2445
1186    2445
1186    2445
1187    2443
1187    2444
1187    241187    2510
1185    2511
1187    2511
1187    2511
1187    2511
1187    2511
1186    2511
1188    2512
1188    2511
1187    2511
1187    2511
1189    2511
1187    2511
1187    2511
1188    2512
1190    2512
1189    2511
1187    2512
1189    2511
1189    2511
1188    2511
1189    2511
1192    2512
1189    2511
1188    2511
1189    2512
1192    2512
1188    2512
1188    2512
1189    2512
1189    2512
1188    2511
1189    2512
1188    2511
1192    2511
1189    2511
1189    2512
1189    2512
1192    2511
1189    2511
1189    2511
1189    2511
1192    2511
1189    2511
1188    2511
1190    2511
1190    2511
1190    2511
1189    2511
1192    2511
1190    2511
1190    2511
1188    2511
1189    2511
1192    2511
1189    2511
1192    2511
1192    2509
1189    2511
1192    2511
1188    2509
1192    2511
1190    2509
1189    2509
1192    2509
1192    2509
1189    2509
1188    2509
1190    2509
1192    2509
1190    2509
1190    2509
1192    2508
1192    2508
1189    2509
1190    2509
1192    2509
1192    2508
1190    2508
1188    2508
1192    2508
1190    2508
1190    2508
1192    2508
1192    2508
1192    2508
1189    2508
1192    2508
1192    2508
1189    2508
1192    2508
1192    2508
1192    2508
1189    2505
1192    2505
1192    2505
1192    2504
1189    2504
1192    2504
1192    2504

1187    2524
1188    2524
1187    2524
1187    2524
1188    2524
1188    2524
1187    2524
1189    2524
1188    2524
1188    2524
1189    2524
1188    2524
1189    2524
1187    2524
1192    2525
1188    2524
1189    2525
1189    2524
1189    2524
1189    2524
1189    2525
1189    2525
1189    2525
1190    2525
1190    2525
1189    2525
1192    2525
1189    2524
1189    2525
1190    2524
1192    2525
1190    2525
1192    2525
1189    2524
1190    2524
1192    2525
1190    2524
1192    2524
1192    2525
1192    2524
1192    2525
1192    2524
1192    2524
1192    2524
1192    2524
1190    25    2565
1195    2565
1193    2564
1193    2565
1195    2564
1193    2564

1192    2581
1189    2581
1192    2583
1192    2583
1192    2583
1190    2583
1192    2583
1192    2583
1192    2583
1192    2583
1192    2583
1192    2583
1192    2583
1193    2583
1192    2583
1192    2583
1192    2583
1192    2583
1192    2583
1192    2583
1192    2583
1192    2583
1193    2583
1192    2583
1192    2583
1194    2583
1192    2583
1192    2584
1193    2583
1193    2583
1193    2583
1192    2583
1193    2583
1193    2583
1192    2583
1192    2583
1193    2583
1194    2583
1193    2583
1194    2583
1194    2583
1193    2583
1194    2583
1193    2583
1193    2583
1192    251190    2589
1192    2591
1192    2591
1192    2591
1192    2591
1192    2591
1192    2591
1192    2591
1192    2591
1192    2591
1193    2591
1192    2592
1192    2591
1192    2591
1192    2591
1192    2591
1193    2592
1192    2591
1193    2591
1194    2591
1192    2592
1192    2591
1193    2591
1194    2592
1186    2592
1196    2592
1193    2592
1193    2591
1193    2592
1193    2591
1193    2592
1193    2591
1193    2592
1193    2591
1195    2591
1194    2591
1193    2592
1193    2591
1193    2591
1192    2591
1194    2591
1193    2591
1192    2591
1195    2591
1200    2591
1193    2591
1194    2591
1195    2591
1195    2591
1194    2591
1194    2591
1194    2591
1194    2591
1195    2591
1194    2591
1195    2591
1195    2591
1194    2591
1193    2591
1195    2591
1193    2591
1193    2591
1195    2591
1188    2591
1197    2591
1195    2591
1193    2589
1195    2589
1195    2589
1193    2589
1193    2589
1195    2591
1194    2589
1196    2589
1194    2589
1193    2589
1196    2589
1194    2589
1193    2588
1195    2588
1195    2588
1192    2588
1195    2588
1197    2588
1194    2588
1194    2588
1195    2588
1193    2588
1195    2588
1195    2588
1193    2588
1194    2588
1195    2585
1194    2588
1195    2585
1195    2585
1194    2585
1195    2584
1194    2585
1193    2585

1192    2599
1192    2600
1192    2600
1192    2601
1192    2600
1192    2601
1192    2601
1193    2601
1192    2601
1192    2601
1193    2601
1192    2601
1193    2600
1192    2601
1192    2601
1192    2601
1193    2604
1192    2604
1193    2604
1192    2601
1193    2604
1193    2601
1193    2601
1193    2604
1193    2601
1193    2604
1192    2604
1193    2604
1193    2604
1193    2601
1193    2601
1194    2601
1193    2604
1194    2600
1194    2601
1193    2601
1194    2601
1194    2601
1193    2600
1195    2601
1195    2601
1194    2600
1195    2600
1193    2600
1195    2601
1195    261193    2649
1192    2652
1192    2652
1193    2652
1194    2652
1193    2652
1193    2652
1195    2652
1193    2652
1193    2652
1195    2652
1194    2652
1194    2652
1194    2652
1195    2652
1195    2652
1195    2653
1196    2653
1195    2653
1195    2653
1195    2652
1196    2653
1195    2652
1196    2653
1196    2653
1195    2652
1194    2653
1196    2653
1195    2653
1196    2653
1196    2652
1196    2653
1196    2653
1195    2652
1196    2653
1196    2653
1195    2652
1196    2652
1196    2652
1195    2652
1197    2652
1195    2652
1196    2653
1197    2652
1196    2652
1195    2652
1197    2652
1197    2652
1195    2652
1196    2652
1197    2652
1196    2652
1196    2652
1196    2652
1197    2652
1196    2649
1195    2649
1200    2649
1196    2649
1196    2649
1196    2649
1197    2649
1196    2649
1198    2649
1196    2648
1197    2648
1197    2648
1197    2648
1195    2648
1197    2648
1197    2648
1196    2648
1197    2648
1197    2647
1195    2647
1197    2647
1198    2647
1194    2647
1197    2647
1197    2647
1196    2647
1196    2647
1198    2647
1197    2647
1196    2647
1196    2647
1196    2647
1197    2647
1196    2647
1197    2647
1196    2647
1196    2645
1195    2647
1196    2647
1196    2645
1196    2645
1197    2645
1197    2645
1196    2645
1196    2645

1193    2660
1193    2660
1193    2660
1193    2660
1193    2660
1194    2660
1195    2660
1195    2661
1195    2661
1194    2661
1195    2660
1193    2661
1196    2661
1196    2661
1194    2661
1195    2661
1196    2661
1193    2661
1196    2661
1196    2661
1195    2660
1195    2661
1196    2661
1195    2661
1195    2661
1196    2661
1196    2661
1196    2661
1197    2663
1196    2661
1198    2661
1196    2661
1196    2661
1197    2661
1196    2661
1196    2660
1197    2661
1196    2661
1195    2661
1197    2661
1195    2661
1195    2660
1196    2661
1197    2660
1196    2660
1197    261197    2703
1196    2703
1194    2703
1196    2703
1195    2703
1195    2703
1196    2703
1197    2703
1196    2703
1197    2703
1196    2703
1196    2703
1197    2703
1196    2703
1197    2704
1198    2703
1196    2704
1197    2703
1197    2703
1198    2704
1198    2704
1197    2703
1198    2703
1197    2704
1195    2703
1198    2703
1197    2703
1197    2703
1197    2704
1198    2703
1196    2703
1198    2703
1197    2703
1198    2703
1197    2703
1197    2703
1198    2703
1197    2703
1197    2703
1200    2703
1197    2703
1198    2703
1198    2703
1200    2703
1197    2703
1200    2701
1200    2703
1200    2703
1196    2703
1197    2703
1200    2703
1200    2703
1198    2703
1200    2703
1200    2703
1200    2703
1198    2701
1200    2702
1200    2701
1200    2703
1198    2701
1200    2701
1200    2701
1200    2701
1197    2700
1198    2700
1200    2701
1200    2701
1197    2701
1200    2700
1200    2701
1198    2701
1200    2701
1200    2701
1200    2701
1200    2701
1197    2700
1200    2700
1200    2700
1200    2700
1200    2700
1200    2700
1197    2700
1200    2700
1200    2696
1201    2700
1198    2700
1200    2700
1200    2697
1200    2697
1200    2697
1200    2697
1200    2697
1200    2697
1200    2696
1200    2697
1200    2696
1200    2697
1200    2696
1200    2696

1196    2724
1197    2724
1195    2724
1197    2724
1196    2724
1197    2724
1196    2725
1200    2725
1196    2725
1198    2725
1197    2725
1197    2725
1200    2725
1197    2725
1197    2725
1197    2725
1200    2725
1198    2725
1200    2725
1198    2725
1200    2725
1198    2725
1198    2725
1200    2725
1200    2725
1197    2725
1200    2725
1200    2725
1200    2725
1200    2725
1200    2725
1200    2725
1198    2725
1200    2725
1200    2725
1200    2726
1198    2725
1200    2725
1200    2725
1197    2725
1200    2725
1200    2725
1200    2725
1200    2725
1200    2725
1200    271197    2756
1198    2756
1197    2757
1197    2757
1200    2757
1197    2760
1196    2757
1200    2760
1200    2760
1198    2760
1200    2760
1197    2760
1200    2760
1200    2760
1200    2760
1200    2760
1200    2760
1200    2760
1200    2760
1200    2760
1198    2760
1200    2760
1200    2760
1200    2760
1200    2760
1200    2760
1200    2760
1200    2760
1200    2760
1201    2760
1201    2760
1200    2760
1201    2760
1200    2760
1200    2760
1200    2760
1201    2760
1200    2760
1202    2760
1201    2760
1200    2760
1201    2760
1201    2760
1200    2760
1200    2760
1202    2760
1201    2760
1202    2760
1201    2760
1201    2760
1201    2760
1203    2760
1200    2760
1201    2760
1203    2757
1200    2760
1202    2757
1201    2757
1201    2757
1201    2757
1202    2757
1200    2756
1200    2756
1201    2756
1201    2756
1201    2756
1201    2756
1202    2755
1202    2755
1202    2755
1200    2755
1201    2755
1203    2755
1202    2755
1200    2755
1201    2755
1201    2755
1201    2755
1200    2755
1200    2755
1202    2755
1201    2754
1201    2754
1202    2754
1202    2754
1202    2754
1203    2754
1201    2753
1202    2753
1202    2754
1201    2753
1203    2753
1201    2753
1202    2753
1202    2753
1201    2753
1203    2752
1201    2752
1201    2752
1203    2752

1200    2773
1200    2773
1197    2773
1200    2773
1198    2773
1200    2773
1197    2776
1200    2776
1200    2776
1200    2773
1200    2776
1200    2773
1200    2776
1200    2776
1200    2773
1200    2776
1200    2776
1200    2776
1201    2776
1200    2776
1200    2776
1201    2776
1201    2776
1200    2776
1201    2776
1203    2776
1200    2776
1201    2776
1200    2776
1202    2776
1201    2776
1200    2776
1200    2776
1203    2776
1200    2776
1200    2776
1201    2776
1200    2776
1201    2776
1201    2776
1203    2776
1202    2776
1202    2776
1201    2776
1203    2776
1202    271201    2811
1201    2812
1200    2812
1201    2812
1201    2812
1201    2812
1201    2812
1200    2813
1201    2813
1201    2813
1202    2813
1200    2813
1200    2816
1200    2816
1201    2816
1202    2813
1201    2816
1203    2813
1202    2816
1203    2816
1201    2816
1203    2816
1202    2813
1201    2816
1203    2816
1203    2816
1202    2816
1204    2816
1202    2816
1203    2816
1205    2816
1203    2813
1201    2816
1204    2813
1203    2813
1204    2816
1203    2813
1202    2816
1204    2816
1203    2813
1201    2813
1204    2813
1202    2813
1203    2812
1204    2813
1204    2812
1203    2813
1204    2813
1202    2812
1204    2812
1203    2813
1208    2812
1203    2812
1203    2812
1204    2812
1204    2812
1203    2811
1204    2812
1204    2811
1204    2811
1204    2811
1204    2811
1203    2811
1203    2811
1204    2811
1203    2811
1204    2811
1203    2811
1203    2811
1204    2811
1204    2811
1201    2811
1205    2810
1204    2811
1203    2811
1205    2809
1203    2810
1205    2810
1204    2809
1204    2809
1202    2809
1205    2809
1203    2809
1203    2809
1205    2808
1203    2809
1208    2809
1204    2808
1205    2808
1203    2808
1203    2808
1203    2808
1203    2808
1204    2808
1204    2808
1203    2808
1204    2808
1204    2808
1205    2808
1205    2808

1201    2825
1201    2825
1201    2827
1200    2827
1201    2826
1201    2826
1201    2827
1201    2827
1201    2827
1202    2827
1204    2827
1201    2827
1203    2827
1202    2827
1201    2827
1201    2827
1203    2827
1202    2827
1203    2827
1202    2827
1202    2827
1202    2827
1203    2827
1201    2827
1205    2827
1204    2827
1201    2827
1204    2828
1204    2827
1203    2827
1204    2827
1203    2827
1202    2827
1204    2827
1203    2827
1203    2827
1204    2827
1208    2827
1203    2827
1208    2827
1203    2827
1204    2827
1204    2827
1203    2827
1204    2827
1204    281201    2864
1203    2864
1204    2864
1203    2864
1204    2864
1203    2864
1203    2864
1203    2864
1204    2864
1203    2864
1204    2864
1205    2864
1203    2865
1204    2864
1205    2864
1204    2865
1203    2865
1204    2865
1205    2865
1204    2865
1204    2865
1205    2865
1205    2864
1204    2865
1205    2865
1204    2865
1208    2865
1205    2865
1204    2865
1208    2865
1208    2864
1205    2865
1205    2865
1208    2865
1206    2864
1208    2865
1208    2865
1204    2865
1208    2865
1205    2865
1205    2864
1208    2864
1206    2864
1205    2864
1208    2865
1208    2864
1205    2864
1205    2864
1208    2864
1205    2864
1205    2864
1206    2864
1204    2864
1205    2864
1208    2864
1205    2864
1205    2864
1208    2864
1206    2864
1208    2864
1205    2864
1206    2864
1208    2864
1208    2864
1205    2861
1204    2864
1208    2860
1205    2860
1205    2860
1208    2860
1208    2860
1205    2860
1208    2860
1208    2859
1204    2859
1208    2860
1208    2859
1205    2860
1205    2859
1206    2859
1208    2859
1208    2859
1208    2859
1208    2859
1208    2859
1204    2859
1208    2859
1206    2859
1205    2859