0 0
6 5
9 9
13 13
17 17
20 21
25 25
29 29
32 32
36 36
41 40
45 44
49 48
52 52
57 56
60 59
64 63
68 66
72 69
75 72
80 75
82 75
88 80
91 81
95 83
98 85
102 86
105 87
110 89
112 90
117 91
119 92
123 93
126 93
130 95
133 95
136 71
140 96
143 97
146 97
148 98
154 99
155 99
160 100
162 100
167 100
169 100
174 102
175 101
181 102
183 102
187 103
189 103
194 104
196 104
201 104
203 104
208 105
209 105
214 105
217 106
222 106
223 106
228 107
230 107
233 106
236 107
243 108
243 108
249 108
249 107
256 109
257 109
261 109
263 109
268 110
270 109
274 109
278 109
282 110
282 109
287 110
292 110
293 110
297 110
301 112
304 111
307 111
311 111
314 112
319 112
320 112
325 112
326 112
332 112
331 112
339 112
339 112
346 113
346 113
353 113
353 113
360 113
359 113
364 114
367 114
373 114
373 114
379 114
378 113
386 115
387 114
393 115
393 114
398 115
399 115
405 115
407 115
408 114
414 115
418 115
418 115
425 115
427 116
430 115
434 116
438 116
440 116
443 116
448 116
451 116
454 116
457 117
461 117
464 117
468 117
466 116
476 117
477 118
481 117
482 117
489 117
491 118
497 118
496 118
504 118
503 119
507 117
502 116
516 119
516 118
523 119
520 118
528 119
529 119
535 119
535 119
542 119
542 119
547 119
549 120
555 119
555 119
561 120
563 119
567 120
570 119
574 120
576 119
580 120
583 120
588 120
590 120
595 120
598 120
600 120
604 120
608 121
611 120
614 121
618 121
620 121
624 121
628 121
632 121
633 121
639 121
639 121
645 121
647 122
652 121
652 122
651 120
659 122
665 122
666 122
671 122
670 121
678 121
679 122
683 122
686 122
689 122
683 120
697 122
699 122
700 122
706 123
711 122
710 122
717 123
718 123
724 123
726 123
730 123
733 123
736 123
739 123
744 123
746 123
749 123
753 123
757 123
760 123
764 123
767 123
769 123
775 123
777 124
781 123
784 124
778 122
790 124
791 124
794 123
801 124
798 123
808 124
808 123
811 123
817 124
819 123
823 124
826 124
820 122
834 124
838 125
839 124
843 124
848 125
851 125
856 124
859 125
859 125
862 124
860 123
