7 9723
0 0
6 6
11 10
15 15
19 19
25 24
24 29
28 28
33 32
37 37
42 41
47 46
52 51
57 56
63 61
62 67
62 65
66 65
71 70
77 75
82 81
88 86
94 92
100 98
108 104
94 113
99 97
105 103
111 109
117 115
123 121
129 127
135 132
143 140
142 147
129 145
138 135
144 142
150 147
157 154
163 160
171 168
179 175
188 183
177 193
170 182
177 173
184 180
191 187
198 194
206 202
214 209
223 218
225 227
212 228
209 219
216 212
224 220
231 227
240 235
248 243
257 252
269 262
259 272
249 264
245 251
256 252
264 260
272 267
283 278
292 286
302 295
306 308
294 307
286 300
285 289
293 288
305 299
312 306
323 317
333 326
348 338
339 348
334 347
319 334
324 326
334 328
346 339
357 349
363 356
375 367
381 378
374 386
365 378
357 371
366 365
378 371
385 378
398 391
410 402
423 414
419 427
413 424
406 418
396 410
409 402
417 408
428 419
437 428
449 440
456 453
452 463
448 458
438 449
435 445
447 439
460 452
468 459
487 477
498 485
494 500
494 503
487 497
481 492
478 485
486 478
504 495
516 506
531 520
540 535
535 544
527 537
526 535
520 530
520 525
534 524
547 537
557 545
576 565
574 579
571 579
568 576
562 571
558 568
562 563
575 565
590 579
606 594
615 609
611 619
609 617
602 610
601 609
598 606
603 602
619 608
633 622
649 635
651 654
648 654
646 653
639 647
640 648
635 644
645 640
660 648
677 663
690 681
687 693
685 691
685 691
682 688
679 686
680 687
688 680
705 691
723 708
726 726
724 729
727 732
722 728
721 727
719 725
715 723
733 719
753 738
763 753
762 766
762 767
761 765
761 766
762 767
759 765
759 763
778 764
797 780
799 799
799 801
800 804
791 794
801 805
801 805
790 796
805 806
821 805
833 822
837 840
838 842
838 842
843 846
840 843
836 838
841 845
847 845
870 853
875 873
871 874
877 880
878 880
878 881
882 884
882 884
882 886
893 886
908 896
910 912
914 915
914 916
916 918
918 920
919 921
923 925
925 928
939 929
944 941
948 949
950 951
953 954
956 957
959 959
959 959
964 965
967 968
972 965
982 983
984 985
986 987
992 992
995 995
999 999
1002 1003
1007 1007
1011 1012
1012 1010
1019 1020
