0 0
2 1
4 4
8 8
11 12
15 15
20 19
23 23
27 27
31 32
35 35
39 39
42 42
47 47
51 50
54 54
60 58
63 61
66 64
69 69
75 71
78 73
81 75
86 78
90 80
93 82
98 84
100 85
104 87
107 88
111 90
114 91
117 91
123 93
123 92
127 93
133 95
135 95
138 96
143 97
145 97
148 98
151 98
157 99
159 100
161 99
167 101
170 101
172 101
176 102
180 102
182 102
186 103
190 103
192 103
195 103
201 104
203 104
205 103
211 105
214 105
216 106
219 106
224 106
226 106
228 106
234 107
236 107
238 107
244 108
246 107
249 108
254 109
258 108
259 109
259 107
268 109
270 109
269 108
278 110
280 110
281 109
288 111
291 110
292 110
296 111
301 111
303 111
305 111
311 111
313 111
315 112
321 112
324 112
326 112
330 112
335 113
337 113
338 113
346 113
348 113
349 113
355 113
356 113
359 114
364 114
368 114
369 114
373 114
379 114
380 114
381 115
388 115
388 114
391 115
397 115
398 114
402 115
406 115
408 114
413 115
412 115
421 116
424 116
425 116
430 116
434 116
435 116
440 116
446 116
446 116
450 117
455 117
457 117
458 117
464 117
468 117
469 117
473 117
478 117
479 118
483 118
488 112
490 118
492 117
498 118
501 118
501 118
507 118
512 118
512 118
517 118
517 118
523 119
524 119
531 119
534 119
526 117
541 119
543 118
541 118
549 119
554 119
553 119
559 120
564 119
566 119
569 120
574 120
577 120
577 120
583 120
585 119
589 120
593 120
598 120
600 120
602 120
607 121
611 120
612 120
617 121
622 121
620 120
626 121
631 121
632 121
636 121
640 121
644 121
643 121
651 121
654 122
652 121
659 121
664 122
665 121
669 122
665 120
676 121
679 122
676 120
688 121
687 122
689 121
697 122
698 122
702 122
706 122
709 122
712 122
716 122
721 122
723 123
726 123
730 123
732 123
737 123
740 123
741 123
745 123
750 123
750 122
756 123
758 123
763 123
765 124
768 123
773 124
775 124
779 124
783 123
786 123
788 124
784 123
796 124
799 124
802 124
806 123
795 122
811 124
816 124
812 123
823 124
825 124
826 123
830 124
830 124
834 123
843 125
845 124
849 124
853 125
856 125
860 125
861 124
