0 0
7 7
11 11
15 15
17 20
21 24
25 24
28 28
33 33
38 37
42 42
48 47
53 52
59 57
53 64
59 57
63 62
68 67
74 72
78 77
84 82
89 88
96 94
101 100
91 106
96 94
101 100
107 105
113 111
119 117
126 122
132 129
140 136
136 144
128 141
134 132
139 137
147 144
153 151
160 157
167 164
175 171
184 179
172 188
166 175
172 168
179 176
187 184
194 190
202 198
210 205
218 213
218 223
207 223
205 212
212 208
220 216
228 224
236 231
244 239
253 248
262 257
253 267
243 259
244 248
251 247
260 256
268 263
277 272
287 281
297 291
298 300
290 304
280 294
283 285
292 287
300 295
310 304
321 314
330 324
344 334
335 348
327 340
316 331
323 322
331 324
339 333
350 344
362 355
373 365
379 379
370 382
363 375
353 368
363 357
374 367
384 377
396 388
408 400
421 411
415 426
408 419
399 411
395 405
405 398
416 409
427 419
440 431
453 443
456 455
450 461
444 455
437 448
434 442
447 439
457 449
470 461
482 473
498 486
493 502
488 498
482 492
476 486
474 480
487 478
500 491
512 502
525 514
534 530
529 538
523 532
519 529
513 523
515 517
529 520
543 533
556 546
571 559
567 574
566 574
561 570
556 565
553 563
557 556
571 561
587 575
601 589
608 602
608 615
600 608
599 607
595 604
591 600
599 596
614 603
628 617
642 632
647 650
643 650
640 647
638 645
635 642
630 639
642 635
657 645
674 660
684 677
682 688
681 687
678 685
676 683
667 674
670 679
686 673
701 687
722 706
721 720
720 725
718 724
717 722
715 721
714 721
713 718
732 719
748 733
758 751
759 763
757 762
756 761
756 761
755 760
753 759
757 758
773 759
790 777
796 797
795 799
795 798
796 800
794 798
794 799
794 799
799 798
819 803
832 822
832 835
832 835
834 837
834 837
834 836
836 839
835 840
834 829
867 849
868 865
863 867
871 873
872 875
871 874
876 879
875 878
877 880
889 881
903 892
907 909
908 910
909 910
913 915
914 915
915 917
918 920
918 921
933 924
941 939
943 945
946 946
948 950
951 952
954 955
956 958
960 961
961 963
975 967
978 978
980 981
985 985
987 988
991 992
994 994
998 999
1001 1001
1006 1007
1012 1008
1015 1014
1020 1020
1023 1023
