0 0
4 4
6 6
9 9
12 12
16 16
19 19
23 23
28 27
31 31
34 35
38 40
42 42
46 46
50 50
54 54
58 58
62 61
64 64
69 68
72 72
75 75
78 77
80 79
84 82
84 83
87 86
88 87
91 88
91 89
93 90
93 91
95 92
96 93
97 94
99 94
100 95
102 96
102 97
103 97
104 98
104 97
105 98
105 99
106 99
107 100
108 100
109 100
109 101
111 102
111 103
111 102
113 103
113 103
113 103
115 104
115 103
116 104
117 105
117 105
117 105
118 105
118 105
119 106
120 106
121 106
121 107
122 107
122 108
122 107
123 108
123 107
124 108
125 108
125 108
126 109
127 109
127 109
128 109
128 109
128 109
129 109
129 110
130 110
131 110
131 110
132 111
132 111
133 111
133 111
133 111
134 111
135 111
135 112
136 111
137 112
137 112
138 112
138 112
137 112
139 112
139 112
139 113
140 113
142 113
142 114
141 113
142 113
142 113
142 113
143 113
143 113
144 114
145 114
145 114
146 114
146 114
146 114
146 114
147 115
147 114
148 115
148 115
149 115
150 116
151 115
151 115
151 115
151 115
151 116
152 116
152 115
153 116
154 116
156 116
155 116
155 116
156 116
155 116
155 116
156 116
157 117
157 117
159 117
159 117
159 117
159 117
160 117
160 117
160 117
160 117
162 117
162 117
163 117
163 118
163 118
163 118
164 118
164 118
164 118
165 118
166 117
167 118
167 118
167 118
168 118
167 118
168 118
168 118
169 118
170 118
170 119
171 119
171 119
171 119
172 119
171 119
172 119
172 119
173 119
173 119
174 119
175 119
175 120
176 120
176 119
176 120
176 119
176 120
176 119
178 120
179 120
178 120
179 121
180 121
180 120
180 121
180 121
181 121
181 121
182 121
183 121
183 121
183 121
183 122
184 121
185 121
184 121
185 121
185 121
186 121
187 121
187 121
188 122
188 121
188 122
189 122
188 121
189 121
190 122
190 122
191 122
191 122
191 122
192 122
192 123
192 122
192 122
193 122
194 122
194 122
194 122
195 122
195 122
196 123
196 122
196 123
198 122
197 123
198 122
198 123
199 123
200 123
199 123
200 123
200 123
201 123
201 124
201 122
202 124
202 123
202 122
203 123
203 123
205 124
204 124
