0 0
9 9
8 8
9 9
11 11
13 13
15 16
18 19
22 22
26 26
29 29
32 32
36 36
40 40
44 44
48 48
52 51
55 54
60 59
63 62
66 65
71 68
75 71
79 74
82 76
86 79
90 80
94 83
96 85
100 85
105 87
109 89
113 90
115 90
118 91
123 93
127 94
128 94
133 95
137 96
141 97
143 97
146 98
150 98
154 99
158 100
159 99
164 100
167 100
172 101
172 101
177 102
181 102
185 103
188 88
190 103
194 104
197 103
203 105
202 104
204 103
211 106
215 105
217 106
220 106
223 106
228 106
232 107
233 107
237 107
241 107
246 108
248 108
250 108
255 108
260 109
261 109
263 109
268 109
271 109
277 110
276 109
281 110
286 110
290 111
291 111
293 110
298 111
303 111
306 111
307 111
311 111
316 112
320 112
320 113
324 112
329 112
329 111
335 113
337 113
338 112
346 113
345 111
349 113
354 113
359 113
363 113
363 113
367 113
372 114
375 113
378 114
379 115
384 115
389 114
393 116
394 115
397 114
403 116
407 115
408 116
410 116
415 115
420 116
422 116
424 116
427 115
433 116
436 116
437 116
440 116
445 116
450 117
451 117
452 117
458 117
462 117
459 116
461 115
465 116
471 116
479 117
481 118
480 117
484 116
493 118
494 118
497 118
499 118
505 118
509 118
511 119
513 119
519 118
523 119
525 119
526 118
531 119
537 119
539 119
540 119
544 119
549 119
552 119
554 119
555 119
561 119
566 120
568 120
569 120
573 120
578 120
581 120
583 120
584 120
592 120
595 120
596 120
600 120
604 120
607 120
610 120
613 121
615 120
623 121
623 120
625 120
629 121
634 121
638 121
641 121
642 121
647 121
652 122
654 121
657 121
659 121
665 122
667 121
670 122
673 122
678 122
682 122
684 122
687 122
689 122
695 122
698 122
697 121
702 122
710 122
713 123
713 122
717 122
720 122
724 123
728 123
722 121
731 123
739 123
731 121
743 123
746 123
741 121
753 123
758 123
758 123
763 124
766 123
770 124
773 123
776 123
780 120
784 123
787 124
791 124
795 124
791 122
802 124
806 124
807 124
812 124
814 124
818 124
821 124
823 124
826 124
830 124
832 124
836 124
840 124
843 124
846 124
851 125
853 124
856 125
