0 0
4 4
7 6
10 10
14 14
18 18
21 22
26 26
29 29
33 33
37 37
42 41
46 45
49 48
53 52
57 56
61 60
65 63
70 67
74 70
76 71
80 75
84 78
88 80
92 82
95 83
98 84
102 86
106 88
110 89
113 90
116 91
119 91
123 93
127 93
130 94
134 95
137 96
140 96
143 97
147 97
151 98
156 99
157 100
160 99
164 100
168 101
171 101
176 102
178 102
180 101
184 103
189 103
192 103
195 104
198 104
200 104
204 104
208 105
212 106
217 106
218 106
219 105
224 106
225 105
231 106
235 106
235 106
237 105
240 106
247 108
251 108
256 108
256 108
257 107
264 109
268 109
272 110
278 110
279 110
280 110
284 110
289 110
292 110
297 111
298 111
300 111
304 111
309 111
313 112
317 112
318 112
320 111
324 112
328 112
333 112
335 112
337 111
337 111
344 112
348 112
353 112
357 113
358 112
361 113
363 112
368 113
372 113
376 113
379 114
380 114
384 114
390 115
393 115
397 115
399 115
401 115
400 113
408 115
415 116
418 116
418 115
424 117
425 116
426 115
434 116
433 110
438 116
440 116
444 117
449 117
455 117
458 117
459 117
461 117
464 117
467 117
473 117
477 118
478 117
481 118
480 116
487 117
492 117
497 118
497 117
499 117
499 117
506 117
512 118
517 118
520 119
521 118
525 119
530 119
535 119
538 119
540 119
542 119
545 119
547 119
554 119
552 118
562 120
561 120
563 119
569 120
574 119
576 120
579 120
582 120
584 121
590 120
594 120
595 120
595 120
600 120
603 120
604 120
607 119
616 121
618 121
619 120
624 121
627 120
634 121
626 119
639 121
641 121
644 121
648 121
651 121
648 120
659 122
662 122
663 121
665 121
673 122
676 122
678 121
681 122
684 122
687 121
692 122
692 122
690 121
693 121
697 121
701 120
706 121
713 122
708 121
720 122
722 122
729 123
733 123
736 123
738 123
741 123
746 123
750 123
748 122
756 123
752 122
763 123
758 123
769 123
773 123
774 123
779 124
774 123
786 124
789 124
794 124
797 124
797 124
800 123
805 124
809 124
815 125
816 124
818 124
821 124
823 124
828 124
832 124
834 124
837 124
841 125
844 124
841 123
852 124
855 125
848 123
861 125
862 124
