6 124
859 125
861 125
865 125

822 124
823 124
828 124
830 124
834 124
838 124
842 124
845 124
849 124
851 124
856 124
859 125
861 125
865 125

822 124
823 124
828 124
830 124
834 124
838 124
842 124
845 124
849 124
851 124
856 124
859 125
861 125
865 125
0 0
7 8
8 8
12 12
16 15
19 19
24 23
27 27
31 31
35 35
39 39
44 43
48 47
52 52
55 55
59 58
63 61
67 65
71 68
74 71
79 74
83 76
82 79
88 81
92 81
96 84
100 85
104 87
107 88
111 89
114 90
118 91
123 93
123 92
127 93
131 95
134 95
138 96
142 97
146 98
150 98
154 98
156 79
157 99
162 100
165 100
169 101
172 101
175 102
180 102
184 102
187 103
189 103
191 103
195 103
199 104
203 104
206 104
209 105
213 105
213 106
220 106
222 106
225 106
228 106
232 107
236 107
239 107
243 107
248 108
251 108
253 108
255 108
258 108
261 108
265 109
269 109
273 110
277 109
281 110
284 110
286 110
288 110
292 110
295 110
300 111
303 111
307 111
311 111
315 111
317 112
320 112
322 112
324 111
329 112
333 112
337 112
340 113
345 113
348 114
350 113
353 114
354 113
358 113
362 113
366 114
370 114
374 114
378 114
381 114
382 114
386 114
385 114
392 114
395 115
397 114
404 115
408 115
409 115
414 115
414 114
418 115
421 116
425 116
429 116
433 116
438 116
441 116
444 117
447 116
449 117
452 116
454 117
459 116
463 117
467 117
471 117
474 117
477 117
480 117
482 118
484 117
488 118
491 117
495 118
500 117
503 118
506 118
508 118
511 118
514 118
517 118
520 118
524 118
529 118
534 118
536 118
541 119
543 119
545 119
548 119
551 119
554 119
558 119
563 119
567 119
571 120
574 120
576 120
578 120
582 120
584 120
587 120
592 120
597 120
600 120
603 120
606 120
610 120
613 121
614 121
617 120
621 120
627 121
630 120
633 121
635 121
639 121
642 121
645 121
647 121
650 121
656 121
660 121
663 121
666 121
669 121
669 121
676 121
677 121
677 121
684 122
689 122
693 121
696 122
699 122
702 122
705 122
708 122
711 122
714 122
718 122
722 122
727 123
729 122
732 122
735 122
737 122
742 123
745 123
747 123
751 123
