80 74
75 71
71 67
68 65
64 62
63 60
60 59
58 57
57 55
56 55
55 55
55 54
55 54
54 53
54 54
55 56
56 55
56 56
57 57
58 57
60 58
61 60
62 61
64 62
66 63
68 67
70 68
72 70
73 69
77 73
78 74
80 75
82 76
85 77
87 78
89 79
91 81
93 82
95 83
97 84
99 85
102 86
103 86
105 87
107 88
109 89
110 88
112 89
114 90
116 90
118 91
120 91
121 92
123 92
125 92
126 93
128 93
129 93
131 94
132 94
134 94
135 95
138 95
139 96
140 95
141 96
143 97
145 96
146 96
148 96
149 97
151 98
153 96
154 98
155 98
157 98
159 97
159 98
161 99
162 99
164 99
166 99
167 100
168 100
170 100
171 100
172 100
174 100
175 101
176 101
179 101
180 102
181 101
182 101
183 101
185 102
186 102
188 103
189 102
190 101
192 102
193 103
195 102
196 102
197 103
199 103
200 103
202 103
203 104
205 102
206 104
207 104
209 103
210 104
211 104
213 104
214 104
216 104
217 105
219 104
220 105
221 105
223 105
224 105
225 106
227 105
228 106
230 106
231 105
232 106
233 106
235 106
236 106
238 106
239 105
240 105
241 106
243 107
243 106
246 107
247 107
249 106
251 107
251 107
253 107
254 106
256 107
257 108
258 107
260 107
261 108
262 108
264 108
265 108
266 107
268 108
269 109
271 108
272 108
273 108
275 108
276 108
277 108
278 108
279 108
281 109
283 109
284 109
285 108
287 109
288 109
289 109
291 109
292 110
293 109
294 109
296 110
298 110
299 109
300 109
302 110
304 110
304 110
306 110
307 110
308 110
310 111
311 110
312 110
314 110
315 110
317 110
318 110
319 110
320 111
322 110
323 111
325 111
326 110
327 111
329 111
330 110
332 111
332 111
334 111
336 111
337 111
338 111
340 111
340 111
342 111
344 112
345 111
346 112
347 112
349 112
350 111
351 112
353 112
354 112
355 112
357 112
358 112
359 112
361 112
362 112
363 112
364 112
366 112
367 112
368 112
370 112
371 112
372 113
372 112
375 113
377 113
378 113
379 113
381 113
382 113
384 113
384 113
386 113
387 113
389 113
390 113
391 113
392 113
394 113
395 113
397 114
398 113
400 113
401 114
402 113
