80 75
75 71
70 68
67 66
64 63
62 60
60 59
57 57
57 56
56 54
55 54
54 53
54 54
54 54
54 53
55 54
55 56
56 55
58 56
58 56
59 58
61 60
62 62
64 63
66 65
68 65
70 66
71 69
74 70
76 72
78 74
80 75
82 76
85 77
87 78
90 80
91 53
93 82
96 83
97 84
99 84
102 84
103 86
105 87
107 87
109 88
110 88
112 89
114 89
115 89
118 91
119 91
121 92
123 91
125 92
126 92
128 93
129 93
131 94
132 94
134 94
135 95
137 95
139 95
140 95
142 96
143 96
145 96
146 96
148 97
149 97
151 97
152 98
154 98
155 98
156 98
158 98
159 98
160 99
162 99
164 99
165 99
167 99
168 100
169 99
171 100
172 100
174 100
175 100
176 101
178 101
179 101
181 101
182 101
184 101
186 102
186 101
187 102
189 102
191 102
191 102
193 102
195 103
196 103
198 103
200 103
200 104
201 103
203 103
205 103
206 103
208 103
209 103
209 104
211 104
213 104
214 104
215 104
217 104
218 104
220 104
221 105
222 105
224 105
225 105
227 105
228 105
229 105
231 105
232 105
233 105
235 106
236 105
238 106
239 106
241 106
242 106
243 107
245 106
246 106
247 106
249 107
250 106
251 107
253 107
254 107
255 107
257 107
258 107
259 107
261 107
262 107
264 108
265 107
266 107
268 107
269 108
270 108
271 108
273 108
274 108
276 108
278 108
278 108
280 108
281 108
283 108
284 109
286 109
287 109
288 108
289 109
291 109
292 109
293 109
295 109
294 109
298 109
299 110
300 110
302 109
303 109
304 110
306 110
307 110
308 110
310 110
312 110
313 111
314 110
316 110
316 110
318 110
320 110
320 110
321 110
324 110
324 110
326 111
328 111
328 111
330 111
331 111
332 111
334 111
335 111
336 111
338 111
339 111
340 111
342 111
343 111
345 111
346 111
347 111
348 111
350 111
351 112
352 111
354 112
355 112
357 112
358 111
359 112
360 112
362 112
363 112
365 112
366 112
367 112
368 112
369 112
371 112
372 112
374 112
374 112
377 112
378 112
379 112
380 112
382 113
383 112
385 113
386 113
387 112
388 113
390 113
391 113
393 113
393 114
395 113
396 113
398 113
399 113
400 113
402 113
