79 74
75 71
71 68
67 65
64 63
62 61
60 58
58 58
56 56
55 55
55 54
54 53
54 53
54 53
54 53
54 52
55 54
56 55
57 56
58 57
59 57
60 59
62 61
63 62
66 64
67 65
69 67
71 69
74 70
76 71
78 74
80 75
81 76
84 77
86 78
89 79
90 81
93 82
95 82
96 83
98 83
101 86
103 86
104 86
107 87
109 88
111 89
113 89
114 90
116 90
118 90
119 91
120 91
123 92
124 92
126 92
128 93
129 93
130 93
132 94
134 94
136 95
137 95
137 95
140 95
141 96
142 96
144 96
146 96
148 97
149 97
151 97
152 97
154 98
155 98
157 98
158 98
159 99
161 98
163 99
163 99
165 99
166 100
168 100
169 100
171 100
172 100
174 100
175 101
176 100
177 101
179 102
181 101
182 101
184 101
185 102
186 101
188 101
189 102
190 102
192 102
193 103
194 102
196 103
198 103
199 103
200 103
202 103
203 103
205 103
206 103
207 104
209 104
210 104
212 104
213 104
214 104
216 104
217 104
218 104
219 105
221 104
222 105
224 105
225 105
227 105
228 105
229 105
231 105
232 106
233 105
235 105
237 106
238 106
239 106
240 106
242 107
243 106
244 106
246 107
248 107
248 107
250 107
251 107
253 107
254 107
255 107
257 107
258 107
259 108
261 107
263 107
264 108
265 107
266 108
268 108
270 108
270 108
271 108
273 108
275 108
276 108
277 108
279 108
280 108
281 108
283 108
283 108
285 108
286 108
288 109
289 109
291 109
292 109
294 110
295 109
296 109
297 109
299 109
300 110
302 110
303 110
305 110
306 110
307 110
308 110
310 110
311 110
312 110
314 111
315 110
316 110
318 110
319 110
320 110
322 111
323 111
324 110
325 110
328 111
328 111
330 111
331 111
332 111
334 111
335 111
336 111
338 111
339 111
341 111
342 111
343 111
345 111
346 112
345 111
349 112
350 112
350 111
353 112
354 112
356 112
357 112
358 112
359 112
361 112
362 113
363 112
365 112
366 112
367 112
369 112
370 112
371 112
372 113
373 112
375 113
377 113
378 113
379 113
381 113
382 113
383 113
385 113
386 113
387 113
388 113
390 113
391 113
392 113
394 113
395 113
396 114
398 113
399 113
400 114
402 113
