0 0
8 9
8 9
12 12
16 16
19 19
23 23
28 28
31 31
36 36
40 39
44 43
47 48
51 50
55 54
59 58
62 61
67 65
71 68
75 71
78 74
82 77
85 78
89 80
93 82
97 84
99 85
104 87
107 88
112 90
115 91
116 92
121 91
124 93
126 93
129 93
134 94
138 95
141 96
146 98
149 98
150 98
155 98
159 100
162 100
166 100
170 101
173 101
177 102
182 102
182 103
185 103
189 103
192 103
196 104
200 104
204 105
204 103
212 105
214 106
214 104
218 106
223 106
225 106
230 107
233 107
237 107
241 107
246 108
247 108
249 108
251 108
256 108
259 109
263 109
267 109
271 109
275 110
279 110
280 110
282 110
286 110
289 110
293 111
297 111
301 111
305 112
309 111
311 112
313 111
316 112
318 111
322 112
327 112
330 112
334 113
338 112
342 113
343 113
346 113
348 113
348 111
356 113
360 114
362 113
368 114
373 114
375 114
377 114
379 114
381 115
385 114
389 115
393 115
398 115
399 114
405 115
407 115
410 115
413 116
414 115
419 115
423 116
427 116
431 116
436 116
438 116
440 116
443 116
446 116
448 116
453 116
457 117
461 117
466 117
469 117
471 118
473 117
477 117
473 116
482 118
486 117
484 116
494 118
499 118
500 118
505 118
507 118
508 118
513 118
515 119
520 118
524 118
528 119
532 119
535 119
537 120
541 119
543 120
545 119
549 120
553 120
557 119
562 120
565 120
567 120
571 120
573 120
575 120
578 120
582 120
586 120
591 120
594 120
597 120
600 120
603 120
606 121
608 121
611 120
608 119
621 121
624 121
620 119
630 121
633 121
631 120
638 121
640 121
639 120
649 121
651 121
657 121
660 122
661 122
666 122
669 122
672 121
675 122
677 121
682 122
688 122
690 122
693 122
697 122
699 122
702 122
706 123
708 122
711 122
717 122
721 123
723 123
727 123
729 123
732 123
735 123
737 123
741 123
745 123
750 123
746 122
756 123
759 123
760 123
765 123
768 123
766 122
775 123
779 123
780 123
787 124
789 123
792 123
795 124
800 124
802 124
804 124
802 123
809 123
806 122
809 122
815 123
821 123
827 124
827 123
832 124
837 124
842 124
845 124
848 124
852 124
856 124
859 124
863 125
866 125
