0 0
8 7
9 9
12 13
16 16
21 20
24 24
28 29
32 32
36 36
41 40
44 44
48 47
52 51
55 55
61 59
64 62
66 66
71 70
75 71
79 73
83 76
86 79
90 81
94 83
97 84
101 86
104 87
108 88
112 89
116 91
119 92
122 93
126 93
130 94
133 95
137 96
140 96
145 97
147 98
149 98
153 99
154 99
158 99
161 99
166 100
169 101
172 101
176 102
180 102
184 103
187 103
190 103
193 103
197 104
201 104
203 104
208 105
211 105
213 105
218 106
222 106
225 106
228 107
231 107
233 107
236 107
239 108
242 108
245 107
249 108
253 108
256 108
259 109
264 109
267 109
270 109
273 109
277 110
281 110
285 110
288 110
292 110
292 109
298 111
302 110
305 111
309 111
309 111
314 111
316 111
320 112
323 112
324 112
328 112
333 112
334 112
340 112
344 112
344 112
351 113
354 113
356 113
362 114
366 114
369 113
373 114
378 114
379 114
381 114
386 115
388 114
391 114
394 115
397 115
400 115
403 115
405 115
409 115
412 115
416 115
419 115
423 115
428 116
429 115
434 116
438 116
442 116
446 116
447 116
453 116
455 116
459 111
462 117
464 117
468 117
471 117
474 117
477 117
478 117
483 117
486 117
487 117
491 118
496 118
497 117
503 118
507 118
510 118
514 118
518 118
522 118
524 118
530 118
533 119
536 119
538 119
542 119
545 119
548 120
550 119
553 119
557 120
560 119
563 120
564 119
570 120
572 119
573 120
578 120
576 119
586 120
591 120
593 120
598 120
600 120
605 121
608 120
612 121
608 120
618 121
621 121
618 119
627 121
630 121
632 121
637 121
640 121
642 122
646 121
650 122
653 121
655 121
658 121
662 121
665 122
669 121
673 121
676 122
681 122
685 122
687 122
691 122
692 122
697 123
700 122
703 122
706 122
710 123
713 123
716 123
712 121
723 123
726 123
729 123
733 123
733 122
738 123
741 123
745 123
749 122
753 123
752 122
760 123
763 123
763 123
768 123
773 123
775 123
779 123
783 124
786 124
790 124
792 124
796 124
799 124
802 124
807 124
809 124
813 124
817 124
819 124
822 124
826 124
829 124
833 124
836 124
840 124
843 124
846 125
842 123
853 124
853 124
859 125
862 125
866 125
