0 0
8 8
9 10
12 12
16 16
20 20
24 24
28 28
32 31
36 36
40 39
45 45
48 47
51 52
56 55
58 57
63 62
66 64
72 68
75 71
78 75
82 76
85 78
90 81
94 82
99 85
101 86
102 86
108 89
111 89
115 90
118 92
123 92
125 93
128 93
132 95
135 95
140 97
142 97
147 97
150 98
151 98
156 99
159 99
164 100
166 100
171 101
172 101
175 101
181 103
182 102
187 102
190 104
194 103
197 104
198 104
204 105
206 105
211 105
214 105
216 92
219 105
222 106
227 106
229 106
235 107
234 106
238 106
242 106
246 108
252 109
253 108
256 107
259 108
262 108
267 109
270 109
274 109
276 109
281 110
282 109
287 111
291 110
292 110
298 111
299 110
306 111
306 111
311 112
314 112
316 112
321 112
322 112
329 112
330 112
334 112
337 113
339 113
345 113
346 113
352 113
353 113
358 113
361 113
362 113
368 113
369 114
375 114
376 114
381 114
384 114
386 115
392 114
392 114
399 115
400 115
401 115
407 115
410 115
415 115
415 116
419 115
423 115
427 116
431 116
433 116
438 116
439 116
445 117
447 117
451 117
454 116
456 117
463 117
462 117
468 118
469 117
469 116
472 116
475 116
479 116
480 116
488 117
492 118
495 117
499 117
502 118
509 118
508 118
515 118
516 118
521 119
524 118
526 119
532 119
532 119
539 119
540 119
536 117
549 119
550 120
555 119
554 119
558 119
564 119
562 119
569 119
573 120
577 115
579 120
584 120
586 120
591 120
595 120
596 121
602 120
602 120
607 121
609 120
613 121
616 121
619 121
624 121
624 121
630 121
631 120
636 121
641 121
642 121
647 121
648 121
654 121
656 121
660 122
664 121
666 121
668 121
671 121
677 122
678 121
678 121
686 121
689 122
694 122
695 122
697 122
703 122
706 122
710 122
712 122
716 122
719 122
724 123
725 123
730 123
735 123
736 123
741 123
742 123
747 123
749 123
751 123
757 119
759 123
762 123
766 123
772 123
772 123
778 123
781 123
782 123
783 122
787 123
786 122
798 124
804 124
806 124
805 124
805 122
812 123
818 124
820 124
815 123
826 124
829 124
833 124
836 124
837 124
843 124
846 124
850 124
852 124
856 124
858 124
863 124
868 125
