0 0
6 6
9 9
13 13
17 17
21 21
25 25
29 28
33 33
37 37
41 40
45 44
48 48
52 52
56 55
60 59
64 63
68 66
72 69
76 72
80 74
83 76
87 79
90 80
94 82
97 84
102 85
104 87
108 89
111 90
114 91
118 92
122 93
125 94
130 95
134 95
137 96
140 96
145 98
146 97
149 97
152 98
156 99
159 99
163 99
167 100
170 100
173 101
177 102
181 102
184 102
187 103
191 103
194 104
198 104
201 104
204 105
207 105
211 105
214 105
218 106
221 106
224 107
227 106
230 107
233 107
237 107
240 108
243 107
246 107
249 108
252 108
256 108
259 109
262 108
266 109
270 109
274 109
277 110
281 110
281 109
288 111
292 111
295 111
298 111
301 110
307 112
310 112
314 112
317 112
319 112
322 112
326 112
329 112
332 112
336 112
338 112
342 112
345 113
348 113
352 113
355 113
358 113
361 114
364 113
367 114
370 114
374 114
377 114
380 114
383 114
386 114
390 114
393 114
396 115
399 115
402 115
406 114
409 115
413 115
416 116
420 116
423 116
421 114
431 116
435 116
438 116
441 116
442 116
448 116
452 117
455 117
458 117
462 117
466 117
470 117
473 112
476 117
480 117
483 117
487 118
491 117
490 117
497 117
496 116
502 117
506 117
506 117
513 118
513 117
521 119
522 119
524 118
525 117
528 118
536 119
538 119
540 119
544 119
541 118
550 119
553 119
556 119
559 119
559 118
561 119
565 118
568 119
575 119
576 118
581 119
583 119
588 119
592 120
598 120
601 120
603 120
608 121
611 121
614 121
614 120
622 120
625 121
629 121
632 121
636 121
639 121
643 121
646 121
650 121
653 121
653 120
657 120
659 121
664 121
666 121
671 121
673 121
677 121
680 122
677 120
687 122
685 121
693 122
697 122
700 122
702 121
702 121
709 122
705 121
716 122
724 123
724 122
728 122
732 122
731 122
730 121
739 122
746 123
747 123
750 123
757 124
757 123
760 122
756 122
764 122
773 124
774 123
781 124
780 123
779 122
786 123
793 123
794 123
800 124
800 124
797 122
807 123
810 123
818 125
816 120
822 123
821 123
829 124
833 124
834 124
833 123
840 125
842 124
848 125
841 123
855 125
853 124
860 124
864 125
867 125
