0 0
4 3
8 7
11 11
15 15
19 19
23 22
26 26
30 30
34 34
39 38
42 42
46 47
51 50
54 53
58 57
62 61
66 64
70 68
74 71
78 72
82 76
85 78
88 81
93 82
96 84
101 86
104 87
106 88
111 90
114 90
116 90
122 93
124 93
128 94
131 94
134 95
140 97
142 97
144 97
149 98
152 99
154 99
159 100
161 100
164 100
169 101
172 101
176 101
179 102
180 101
184 101
189 103
191 103
196 104
196 103
202 105
205 104
208 104
213 105
216 106
218 105
224 106
226 106
229 107
234 107
235 108
240 108
243 108
245 107
251 108
252 108
250 107
257 108
263 109
266 109
270 110
272 110
277 110
279 109
279 109
288 110
289 110
292 111
298 111
299 111
302 111
307 111
304 110
313 111
316 111
317 111
325 112
326 112
326 112
334 112
334 111
339 112
344 113
346 113
350 113
353 113
354 114
361 113
362 114
365 114
371 114
372 114
377 114
381 114
380 114
387 115
389 114
392 115
398 115
399 115
402 115
405 114
409 115
413 115
417 115
417 116
424 116
426 116
429 116
436 116
436 116
440 116
444 117
445 116
450 117
448 115
455 117
461 117
458 115
465 117
470 117
470 116
476 118
480 117
481 118
483 117
490 118
491 118
497 118
500 118
500 118
508 118
509 118
514 119
516 118
518 119
524 119
528 119
529 119
536 119
537 119
539 119
545 119
544 119
549 119
550 118
554 119
556 119
563 119
564 120
570 120
571 119
576 120
581 120
580 120
585 120
589 120
589 120
588 119
600 120
603 121
602 120
603 120
606 119
617 121
617 121
622 121
625 121
626 120
632 121
637 121
638 121
644 122
644 122
648 121
654 121
654 121
659 122
664 121
665 122
669 122
671 122
676 122
681 122
680 122
686 122
690 122
690 123
696 122
698 122
701 122
706 123
707 122
713 123
716 122
718 123
722 123
727 123
722 122
733 123
735 123
733 122
742 123
743 123
745 122
752 123
744 121
758 123
761 123
766 123
769 124
769 123
774 123
780 124
782 124
782 124
790 124
791 123
796 124
798 124
803 124
807 124
809 124
812 124
815 124
819 124
819 123
825 124
828 124
831 124
834 124
838 124
841 125
845 124
848 124
851 124
854 125
857 125
860 124
865 125
