023 0 0
6 6
9 9
14 14
18 18
22 22
27 26
31 31
36 35
42 41
39 46
43 42
48 47
52 51
57 56
61 60
67 66
72 71
78 76
82 82
74 86
78 76
83 81
86 85
90 88
94 92
99 95
104 99
109 104
101 108
95 102
98 96
102 99
105 101
108 104
112 107
117 110
121 113
125 116
111 119
106 109
110 104
112 107
116 109
119 112
123 114
128 117
135 120
130 123
115 121
114 113
116 110
120 112
123 114
128 117
133 119
138 122
146 124
133 127
119 122
119 115
122 114
126 115
131 118
136 121
142 123
150 125
148 128
135 127
121 123
124 114
128 117
133 119
138 121
144 124
151 126
160 129
149 131
138 128
125 124
130 117
134 120
139 122
145 124
152 126
162 129
161 131
151 131
140 129
130 125
134 120
140 122
145 124
152 126
161 129
171 131
163 134
153 131
142 130
135 126
140 122
145 124
153 127
161 129
172 131
172 134
164 133
154 132
143 130
140 126
145 124
152 127
160 129
170 131
180 134
173 136
165 134
156 132
144 130
145 127
151 126
159 128
167 130
180 133
181 135
175 136
167 134
159 133
147 131
150 128
157 128
165 129
177 132
188 135
183 137
177 136
170 135
161 134
148 131
156 128
164 129
174 131
187 134
189 137
184 137
179 136
172 135
163 134
154 132
162 129
171 131
184 133
195 136
191 138
186 137
180 137
174 135
165 135
160 133
168 130
178 133
192 135
196 138
193 139
188 138
183 137
177 136
169 135
166 133
175 131
187 134
201 137
198 139
194 139
190 138
186 138
179 136
172 136
172 134
184 133
197 136
202 138
198 138
196 139
193 138
188 137
183 137
176 136
179 135
191 134
206 137
204 140
201 140
199 139
196 139
191 138
187 138
180 136
187 135
200 136
207 138
206 140
204 139
201 138
198 139
195 138
191 138
184 137
195 136
210 137
209 141
207 139
206 140
204 139
202 139
199 139
195 138
189 138
205 136
212 139
210 139
210 140
208 140
205 138
205 140
203 139
200 138
198 139
215 138
213 141
212 140
211 139
211 140
210 140
209 140
207 140
206 140
209 139
216 139
216 141
215 141
215 141
214 140
214 141
214 140
213 140
212 140
218 140
217 141
218 141
218 141
218 141
218 141
218 141
219 141
219 141
