0 0
8 8
8 9
11 13
16 15
19 19
23 23
27 27
31 31
35 35
40 40
44 44
46 48
51 50
55 55
59 59
63 62
67 67
70 71
75 75
79 78
82 82
83 85
87 86
90 90
93 93
96 95
98 96
99 98
103 100
105 103
106 104
105 105
108 105
108 105
109 106
112 109
113 110
115 110
116 112
118 111
117 113
117 113
119 113
119 114
121 114
121 115
123 116
124 116
125 117
126 118
125 119
124 117
126 117
127 118
128 119
130 120
130 120
130 119
133 121
132 122
131 121
132 121
133 121
132 121
135 122
136 122
137 123
138 124
138 124
137 124
136 124
138 123
138 123
139 124
140 124
141 124
143 125
144 126
142 126
143 126
142 126
142 125
144 125
145 126
146 126
147 127
148 128
149 128
148 127
148 128
147 128
148 127
149 128
150 128
152 128
152 129
154 129
153 130
153 129
152 129
152 129
153 128
154 129
155 129
157 130
158 130
158 131
158 131
157 131
157 130
156 131
158 130
159 130
160 131
162 131
163 131
161 131
162 132
161 131
160 130
161 131
163 131
163 131
165 132
166 132
166 132
167 133
166 133
166 132
165 132
165 132
167 132
168 133
169 133
172 133
171 134
170 133
169 133
169 132
169 132
169 132
171 132
172 132
174 133
175 134
175 135
175 134
174 134
174 134
173 134
175 134
176 134
178 134
180 135
179 136
179 135
179 135
177 134
179 135
178 135
178 133
181 135
183 135
183 136
183 136
183 136
182 136
183 137
183 136
182 136
184 136
186 135
188 136
187 137
187 137
187 137
187 136
187 137
187 137
187 136
189 136
191 137
191 137
192 137
191 137
191 137
191 137
191 137
191 137
191 137
193 137
195 138
195 138
195 138
195 138
195 138
195 138
195 137
194 137
196 138
198 138
197 138
199 139
199 138
199 138
200 138
199 138
199 138
199 139
200 138
203 138
202 139
202 139
203 139
203 139
203 139
204 139
203 139
203 139
205 139
206 139
206 139
207 139
207 140
207 140
208 140
207 139
208 140
208 140
210 139
210 139
210 140
211 140
210 140
212 140
211 140
211 140
212 140
212 140
213 139
214 141
214 140
214 141
215 141
215 141
214 140
215 140
216 141
217 141
217 141
218 141
218 141
218 141
219 141
219 141
