0 0
7 6
7 8
12 12
16 16
19 19
23 23
27 27
31 32
36 35
39 40
44 43
47 47
52 51
54 55
59 57
63 61
67 65
71 68
74 71
79 74
82 76
86 79
90 81
92 83
96 83
99 85
104 87
107 88
110 89
115 91
119 91
122 93
125 93
127 93
131 94
135 95
138 96
142 97
146 98
150 98
153 99
156 98
157 98
161 99
163 98
167 99
172 101
176 102
179 102
183 102
187 103
190 103
192 104
195 103
198 104
202 104
206 105
210 105
213 106
217 106
221 106
223 106
225 106
227 106
233 107
236 107
239 107
244 107
247 108
250 108
254 108
256 108
258 108
262 108
265 109
269 109
273 109
277 110
281 110
286 110
287 111
290 110
291 110
293 110
299 111
303 111
307 111
311 111
314 111
317 112
320 112
322 112
324 112
329 112
333 112
337 112
341 113
346 113
349 113
350 113
353 114
355 112
359 114
363 113
366 113
370 113
375 114
378 114
382 114
384 115
386 114
389 115
392 115
395 114
400 115
404 114
407 115
413 115
411 115
418 116
418 115
422 115
424 116
429 116
434 116
437 116
441 116
445 116
447 116
450 117
451 116
455 117
458 117
458 116
467 117
472 117
473 116
478 118
480 117
482 117
485 117
488 117
491 117
496 117
501 118
504 117
508 118
510 118
513 118
516 118
518 118
521 118
523 117
530 118
536 119
539 119
539 118
544 119
546 119
550 119
552 120
554 119
559 119
563 119
567 119
571 120
574 119
577 120
579 119
582 120
584 120
588 120
592 120
597 120
599 120
605 120
607 120
603 119
613 120
615 120
615 120
622 120
624 120
630 120
630 119
637 121
639 120
643 121
646 121
648 121
652 122
655 121
659 121
665 121
667 122
670 121
675 122
676 121
680 122
682 122
686 122
690 122
694 122
697 122
700 123
701 122
706 122
709 122
712 122
715 122
718 123
722 123
728 123
731 123
733 122
733 123
741 123
742 123
735 121
748 123
749 123
752 122
760 123
762 123
763 123
758 121
773 123
776 123
779 123
782 123
777 122
790 123
793 124
796 124
798 124
795 122
806 124
805 123
812 124
816 124
815 123
825 124
824 124
829 124
832 124
827 123
838 125
834 123
836 124
843 123
846 124
849 123
850 123
855 123
861 124
