0 0
8 9
9 9
12 12
15 15
19 19
23 24
27 28
32 31
36 35
40 39
41 43
47 46
51 51
55 55
59 58
63 63
66 66
71 71
75 74
79 78
81 82
84 83
88 86
91 89
94 91
97 94
100 96
103 98
105 99
107 101
108 101
111 101
113 104
115 105
117 106
119 107
121 107
123 108
126 110
126 110
126 110
129 110
130 111
133 112
135 112
137 113
139 114
140 114
141 115
142 115
143 115
143 114
147 116
148 117
149 116
152 117
154 117
156 118
157 119
157 118
158 118
159 118
162 119
163 119
166 120
168 120
169 120
171 121
171 121
171 121
173 121
175 121
176 121
178 122
180 122
182 122
184 123
185 124
185 123
184 123
187 122
189 123
191 124
192 124
195 124
196 124
198 125
198 125
199 125
198 124
201 125
203 125
204 124
207 126
209 125
210 125
211 126
211 126
211 126
213 126
215 126
217 126
219 127
221 127
223 127
225 128
225 128
225 127
226 128
226 127
229 128
230 128
233 128
235 128
237 128
237 129
238 129
239 129
239 129
240 129
242 128
244 129
246 129
249 129
251 129
251 130
252 130
252 130
252 130
254 130
256 130
258 130
261 130
262 130
264 131
263 131
262 130
262 129
263 130
264 128
267 129
270 129
272 130
275 131
276 131
277 131
277 131
278 132
279 132
280 131
284 132
286 132
289 132
289 133
290 133
291 133
292 133
293 133
293 132
296 132
298 133
300 133
302 133
303 133
303 134
304 133
305 133
301 131
306 133
309 133
311 133
314 133
315 134
316 134
314 133
318 134
318 133
316 133
320 134
322 134
324 133
327 134
328 134
329 134
330 135
331 134
331 134
332 135
334 134
336 134
340 135
340 135
342 135
342 135
343 135
344 135
345 135
346 135
348 135
350 136
351 135
353 136
354 135
355 136
356 135
357 136
358 136
359 135
361 135
364 136
365 137
366 136
367 136
368 136
369 136
366 135
371 136
372 136
373 135
377 137
378 137
377 136
379 136
381 137
381 136
383 137
384 137
383 136
389 137
390 137
391 137
392 137
392 136
395 137
395 137
397 138
398 137
399 137
401 137
403 138
404 138
405 138
407 138
408 138
409 138
410 138
411 138
413 138
415 138
415 138
417 138
418 139
420 138
419 137
422 139
