4 255
216 255
436 255
648 255
860 271
1072 275
1292 280
1504 280
1716 284
1928 284
2140 287
2356 287
2572 287
2784 284
2996 275
3208 255
3424 255
3640 255
3852 254
4064 248
4276 241
4492 240
4704 231
4920 225
5132 224
5344 220
5560 216
5772 207
5984 199
6200 199
6416 195
6628 192
6840 192
7052 184
7264 184
7484 176
7696 176
7908 167
8120 167
8332 159
8552 159
8764 158
8976 156
9188 152
9400 152
9620 143
9832 143
10044 143
10256 135
10468 135
10688 127
10900 135
11112 143
11324 152
11544 158
11756 159
11968 167
12180 176
12392 184
12612 188
12824 192
13036 195
13248 199
13460 207
13680 207
13892 216
14104 224
14316 224
14528 227
14748 231
14960 231
15172 240
15384 243
15600 248
15816 252
16028 255
16240 255
16452 255
16668 255
16880 255
17096 255
17308 271
17520 271
17736 280
17948 280
18160 284
18376 287
18588 287
18804 287
19016 287
19228 286
19440 280
19656 271
19872 255
20084 255
20296 255
20508 248
20728 241
20940 240
21152 231
21364 227
21576 224
21796 220
22008 216
22220 207
22432 206
22644 199
22864 195
23076 192
23288 192
23500 184
23712 184
23932 176
24144 176
24356 167
24568 167
24780 163
25000 159
25212 159
25424 156
25636 152
25856 152
26068 143
26280 143
26492 143
26704 135
26924 127
27136 127
27348 127
27560 142
27772 152
27992 156
28204 159
28416 167
28628 176
28840 177
29056 184
29272 192
29484 193
29696 199
29908 206
30124 207
30340 216
30552 220
30764 224
30980 227
31192 231
31404 231
31620 240
31832 241
32048 248
32260 248
32472 254
32684 255
32900 255
33116 255
33328 255
33540 255
33752 271
33964 271
34184 280
34396 280
34608 284
34820 286
35032 287
35252 287
35464 287
35676 287
35888 280
36108 271
36320 255
36532 255
36744 255
36956 252
37176 248
37388 240
37600 231
37812 227
38024 224
38244 220
38456 216
38668 207
38880 206
39092 199
39312 195
39524 192
39736 192
39948 188
40160 184
40380 177
40592 176
40804 167
41016 167
41236 163
41448 159
41660 159
41872 156
42084 152
42300 152
42516 147
42728 143
42940 143
43152 135
43368 135
43584 127
43796 127
44008 143
44220 152
44436 156
44648 159
44864 167
45076 176
45288 177
45504 184
45716 192
45928 193
46144 199
46360 206
46572 207
46784 216
46996 220
47208 224
47428 225
47640 231
47852 231
48064 240
48276 241
48496 248
48708 252
48920 254
49132 255
49344 255
49564 255
49776 255
49988 255
50200 271
50420 271
50632 280
50844 280
51056 284
51268 286
51488 287
51700 287
51912 287
52124 287
52336 280
52556 271
52768 255
52980 255
53192 255
53404 252
53624 248
53836 240
54048 231
54260 227
54472 224
4 248
216 241
436 240
648 231
860 225
1072 224
1284 220
1504 216
1716 207
1928 199
2140 199
2352 195
2572 192
2784 192
2996 184
3208 184
3428 176
3640 176
3852 167
4064 167
4276 163
4496 159
4708 158
4920 156
5132 152
5344 152
5564 143
5776 143
5988 142
6200 135
6412 135
6632 127
6844 135
7056 143
7268 152
7484 158
7700 159
7912 167
8124 176
8336 184
8552 188
8768 192
8980 195
9192 199
9404 206
9620 207
9832 216
10048 220
10260 224
10472 225
10688 231
10900 231
11112 240
11328 243
11540 248
11756 252
11968 255
12180 255
12392 255
12612 255
12824 255
13036 255
13248 271
13460 275
13680 280
13892 280
14104 284
14316 287
14528 287
14748 287
14960 287
15172 286
15384 280
15596 271
15816 255
16028 255
16240 255
16452 248
16664 243
16884 240
17096 231
17308 227
17520 224
17740 220
17952 216
18164 207
18376 206
18588 199
18808 195
19020 192
19232 192
19444 184
19656 184
19876 176
20088 176
20300 167
20512 167
20724 163
20944 159
21156 159
21368 156
21580 152
21792 152
22008 145
22224 143
22436 143
22648 135
22864 135
23076 127
23292 127
23504 143
23716 152
23932 156
24144 159
24356 167
24572 176
24784 177
25000 184
25212 192
25424 193
25636 199
25852 206
26068 207
26280 216
26492 220
26704 224
26916 225
27136 231
27348 231
27560 240
27772 241
27992 248
28204 252
28416 255
28628 255
28840 255
29060 255
29272 255
29484 255
29696 271
29908 271
30128 280
30340 280
30552 284
30764 286
30976 287
31196 287
31408 287
31620 287
31832 280
32044 271
32260 255
32472 255
32684 255
32896 252
33116 248
33328 240
33540 231
33752 227
33964 224
34184 220
34396 216
34608 207
34820 207
35032 199
35248 195
35464 192
35676 192
35888 188
36100 184
36316 177
36532 176
36744 167
36956 167
37168 163
37384 159
37596 159
37812 156
38024 152
38240 152
38452 147
38664 143
38876 143
39092 135
39308 135
39520 127
39732 127
39944 142
40156 145
40376 156
40588 159
40800 167
41012 174
41224 176
41444 184
41656 192
41868 193
42080 199
42300 199
42512 207
42724 216
42936 220
43148 224
43368 225
43580 231
43792 231
44004 240
44216 241
44436 248
44648 248
44860 254
45072 255
45284 255
45504 255
45716 255
45928 255
46140 271
46352 271
46572 280
46784 280
46996 284
47208 286
47428 287
47640 287
47852 287
48064 287
48276 284
48492 271
48708 255
48920 255
49132 255
49344 252
49560 248
49776 240
49988 231
50200 227
50412 224
50628 224
50840 216
51056 207
51268 207
51480 199
51696 195
51908 193
52120 192
52336 192
52552 184
52764 177
52976 176
53188 167
53400 167
53620 163
53832 159
54044 159
54256 158
54468 152
4 167
216 167
432 159
648 159
860 159
1072 156
1284 152
1500 152
1716 143
1928 143
2140 143
2352 135
2568 135
2780 127
2996 135
3208 143
3420 152
3636 158
3848 159
4060 167
4276 176
4492 179
4704 184
4916 192
5128 195
5340 199
5560 206
5772 207
5984 216
6196 220
6408 224
6628 227
6840 231
7052 231
7264 240
7476 243
7696 248
7908 252
8120 255
8332 255
8544 255
8764 255
8976 255
9188 255
9400 271
9620 271
9832 280
10044 280
10256 284
10468 287
10688 287
10900 287
11112 287
11324 287
11536 280
11756 271
11968 255
12180 255
12392 255
12604 248
12824 248
13036 240
13248 231
13460 227
13672 224
13892 220
14104 216
14316 207
14528 206
14744 199
14960 195
15172 192
15384 192
15596 184
15812 184
16024 176
16240 176
16452 167
16664 167
16880 163
17092 159
17304 159
17520 156
17732 152
17948 152
18160 145
18372 143
18584 143
18800 135
19016 135
19228 127
19440 127
19652 143
19872 152
20084 156
20296 159
20508 167
20720 176
20940 177
21152 184
21364 192
21576 193
21788 199
22008 206
22220 207
22432 216
22644 220
22856 224
23076 225
23288 231
23500 231
23712 240
23924 241
24140 248
24352 252
24564 254
24776 255
24996 255
25208 255
25420 255
25632 255
25844 271
26064 271
26276 280
26488 280
26700 284
26912 286
27132 287
27344 287
27556 287
27768 287
27980 280
28196 271
28412 255
28624 255
28836 255
29048 252
29264 248
29480 240
29692 231
29904 227
30120 224
30332 224
30544 216
30760 207
30972 207
31188 199
31400 195
31612 192
31824 192
32040 188
32256 184
32468 177
32680 176
32892 167
33104 167
33324 163
33536 159
33748 159
33960 156
34180 152
34392 152
34604 147
34816 143
35028 143
35248 135
35460 135
35672 127
35884 127
36096 143
36316 152
36528 156
36740 159
36952 167
37164 172
37384 177
37596 184
37808 192
38020 193
38232 199
38452 199
38664 207
38876 216
39088 220
39308 224
39520 225
39732 227
39944 231
40156 240
40376 240
40588 248
40800 248
41012 254
41224 255
41440 255
41656 255
41868 255
42080 255
42292 255
42508 271
42724 280
42936 280
43148 284
43360 286
43576 287
43788 287
44004 287
44216 287
44432 284
44644 271
44856 255
45068 255
45284 255
45500 252
45712 248
45924 240
46136 231
46348 231
46568 224
46780 224
46992 216
47204 207
47416 206
47636 199
47848 195
48060 193
48272 192
48484 192
48704 184
48916 177
49128 176
49340 174
49560 167
49772 163
49984 159
50196 159
50408 158
50628 156
50840 152
51052 152
51264 143
51476 143
51696 142
51908 135
52120 127
52332 127
52544 135
52764 143
52976 152
53188 159
53400 163
53612 167
53832 176
54044 184
54256 192
54468 192
4 159
216 163
428 167
648 176
860 184
1072 192
1284 192
1504 199
1716 199
1928 207
2140 216
2352 216
2572 224
2784 224
2996 231
3208 231
3420 240
3640 240
3852 248
4064 248
4276 254
4488 255
4708 255
4920 255
5132 255
5344 255
5556 255
5776 271
5988 280
6200 280
6412 284
6632 286
6844 287
7056 287
7268 287
7480 287
7696 284
7912 280
8124 255
8336 255
8548 255
8764 254
8980 248
9192 240
9404 236
9616 227
9832 224
10044 220
10260 216
10472 207
10684 207
10900 199
11112 195
11324 193
11540 192
11756 192
11968 184
12180 177
12392 176
12604 174
12824 167
13036 163
13248 159
13460 159
13672 158
13892 156
14104 152
14316 152
14528 143
14740 143
14960 142
15172 135
15384 127
15596 127
15808 135
16028 143
16240 152
16452 159
16664 163
16884 167
17096 176
17308 184
17520 192
17732 192
17952 195
18164 199
18376 207
18588 211
18800 216
19020 224
19232 224
19444 227
19656 231
19868 240
20088 240
20300 248
20512 248
20724 252
20936 255
21156 255
21368 255
21580 255
21792 255
22008 255
22224 271
22436 280
22648 280
22860 280
23076 286
23288 287
23504 287
23716 287
23928 287
24144 284
24356 271
24568 255
24784 255
24996 255
25212 252
25424 248
25636 240
25848 238
26068 231
26280 225
26492 224
26704 216
26916 216
27136 207
27348 199
27560 199
27772 195
27984 192
28204 192
28416 184
28628 184
28840 176
29052 176
29272 167
29484 167
29696 159
29908 159
30120 159
30340 156
30552 152
30764 152
30976 143
31196 143
31408 143
31620 135
31832 135
32044 127
32264 135
32476 143
32688 152
32900 159
33112 159
33332 167
33544 176
33756 184
33968 188
34180 192
34400 195
34612 199
34824 207
35036 207
35248 216
35464 224
35680 224
35892 227
36104 231
36320 238
36532 240
36748 248
36960 248
37172 252
37388 255
37600 255
37812 255
38028 255
38240 255
38456 255
38668 271
38880 275
39092 280
39308 284
39524 284
39736 287
39948 287
40160 287
40372 287
40592 286
40804 280
41016 271
41228 255
41448 255
41660 255
41872 248
42084 241
42296 240
42516 231
42728 225
42940 224
43152 220
43364 216
43584 207
43796 199
44008 199
44220 195
44432 192
44652 192
44864 184
45076 184
45288 176
45500 176
45720 167
45932 167
46144 159
46356 159
46576 159
46788 156
47000 152
47212 152
47424 143
47640 143
47856 143
48068 135
48280 135
48492 127
48708 135
48924 143
49136 152
49348 158
49560 159
49776 167
49988 176
50204 184
50416 184
50628 192
50844 193
51056 199
51268 206
51480 207
51700 216
51912 220
52124 224
52336 225
52548 231
52768 231
52980 240
53192 241
53404 248
53616 252
53832 255
54048 255
54260 255
54472 255
4 241
216 248
428 252
648 255
860 255
1072 255
1284 255
1496 255
1716 255
1928 271
2140 271
2352 280
2564 280
2784 284
2996 286
3208 287
3420 287
3640 287
3852 286
4064 280
4276 271
4488 255
4708 255
4920 255
5132 252
5344 248
5556 240
5776 231
5988 227
6200 224
6412 220
6624 216
6840 207
7056 206
7268 199
7480 195
7692 192
7908 192
8120 184
8332 184
8544 177
8764 176
8976 167
9188 167
9400 163
9612 159
9832 159
10044 156
10256 152
10468 152
10680 145
10900 143
11112 143
11324 135
11536 135
11748 127
11964 127
12180 143
12392 152
12604 156
12816 159
13032 167
13248 174
13460 177
13672 184
13888 192
14100 193
14312 199
14528 199
14740 207
14956 216
15168 220
15380 224
15592 225
15808 231
16024 231
16236 240
16448 241
16660 248
16872 252
17092 254
17304 255
17516 255
17728 255
17948 255
18160 255
18372 271
18584 271
18796 280
19016 280
19228 284
19440 287
19652 287
19864 287
20084 287
20296 287
20508 280
20720 271
20932 255
21152 255
21364 255
21576 252
21788 248
22000 240
22220 231
22432 227
22644 224
22856 224
23076 216
23288 207
23500 207
23712 199
23924 195
24144 192
24356 192
24568 188
24780 184
24992 177
25208 176
25424 167
25636 167
25848 163
26060 159
26276 159
26492 156
26704 152
26916 152
27128 147
27344 143
27556 143
27772 135
27984 135
28200 127
28412 127
28624 142
28836 152
29052 156
29268 159
29480 167
29692 174
29904 177
30116 184
30336 192
30548 193
30760 199
30972 199
31184 207
31404 216
31616 216
31828 224
32040 224
32252 227
32472 231
32684 240
32896 240
33108 248
33328 248
33540 254
33752 255
33964 255
34176 255
34396 255
34608 255
34820 255
35032 271
35244 280
35464 280
35676 284
35888 286
36100 287
36312 287
36532 287
36744 287
36956 284
37168 271
37380 255
37600 255
37812 255
38024 248
38236 248
38452 240
38668 231
38880 227
39092 224
39304 224
39520 216
39732 207
39948 207
40160 199
40372 199
40588 193
40800 192
41012 192
41228 184
41440 179
41656 176
41868 172
42080 167
42292 163
42508 159
42724 159
42936 158
43148 156
43360 152
43580 152
43792 143
44004 143
44216 142
44428 135
44648 127
44860 127
45072 135
45284 143
45496 152
45716 159
45928 163
46140 167
46352 176
46564 184
46784 192
46996 192
47208 195
47420 199
47632 207
47852 216
48064 216
48276 224
48488 225
48704 227
48916 231
49132 240
49344 240
49556 248
49772 248
49984 252
50196 255
50412 255
50624 255
50840 255
51052 255
51264 255
51476 271
51692 280
51908 280
52120 284
52332 286
52544 287
52764 287
52976 287
53188 287
53400 284
53612 280
53832 255
54044 255
54256 255
54468 254
4 287
220 287
432 280
648 271
860 255
1072 255
1288 255
1500 252
1716 248
1928 240
2140 231
2352 227
2568 224
2784 224
2996 216
3208 207
3420 207
3632 199
3852 195
4064 192
4276 192
4488 188
4700 184
4920 177
5132 176
5344 167
5556 167
5776 163
5988 159
6200 159
6412 158
6624 152
6844 152
7056 152
7268 143
7480 143
7692 135
7912 135
8124 127
8336 127
8548 142
8760 147
8980 156
9192 159
9404 163
9616 167
9836 176
10048 184
10260 192
10472 192
10684 195
10904 199
11116 207
11328 211
11540 216
11752 224
11968 224
12184 227
12396 231
12608 240
12820 241
13036 248
13252 252
13464 254
13676 255
13888 255
14104 255
14316 255
14532 255
14744 255
14960 271
15172 271
15384 280
15596 280
15812 284
16028 287
16240 287
16452 287
16664 287
16876 284
17096 275
17308 255
17520 255
17732 255
17944 254
18164 248
18376 240
18588 231
18800 231
19012 225
19232 224
19444 216
19656 211
19868 207
20088 199
20300 199
20512 193
20724 192
20936 192
21156 184
21368 179
21580 176
21792 174
22004 167
22224 167
22436 159
22648 159
22860 158
23072 156
23292 152
23504 152
23716 143
23928 143
24140 142
24360 135
24572 127
24784 127
24996 135
25212 143
25428 152
25640 159
25852 163
26064 167
26280 176
26492 184
26708 192
26920 192
27132 195
27348 199
27560 207
27772 216
27988 216
28200 224
28416 224
28628 227
28840 231
29052 240
29268 240
29484 248
29696 248
29908 252
30120 255
30340 255
30552 255
30764 255
30976 255
31188 255
31408 271
31620 280
31832 280
32044 284
32256 286
32476 287
32688 287
32900 287
33112 287
33324 284
33544 280
33756 255
33968 255
34180 255
34392 254
34612 248
34824 240
35036 238
35248 231
35468 225
35680 224
35892 216
36104 216
36316 207
36536 199
36748 199
36960 193
37172 192
37384 192
37604 184
37816 184
38028 176
38240 176
38452 167
38668 167
38884 159
39096 159
39308 158
39520 156
39736 152
39952 152
40164 143
40376 143
40592 142
40804 135
41016 127
41232 127
41444 135
41660 143
41872 152
42084 159
42296 159
42512 167
42728 176
42940 184
43152 192
43364 192
43576 195
43796 199
44008 207
44220 211
44432 216
44652 224
44864 224
45076 227
45288 231
45500 236
45720 240
45932 243
46144 248
46356 252
46568 255
46788 255
47000 255
47212 255
47424 255
47636 255
47856 271
48068 280
48280 280
48492 284
48704 284
48924 287
49136 287
49348 287
49560 287
49780 286
49992 280
50204 271
50416 255
50628 255
50848 255
51060 248
51272 241
51484 240
51696 231
51912 225
52128 224
52340 220
52552 216
52764 207
52980 199
53196 199
53408 193
53620 192
53832 192
54048 184
54260 184
54476 176
4 199
216 199
432 193
644 192
860 192
1072 184
1284 177
1496 176
1708 174
1928 167
2140 167
2352 159
2564 159
2784 158
2996 156
3208 152
3420 152
3632 143
3852 143
4064 142
4276 135
4488 135
4700 127
4920 135
5132 143
5344 152
5556 159
5768 163
5988 167
6200 176
6412 184
6624 192
6844 192
7056 195
7268 199
7480 207
7692 216
7912 216
8124 224
8336 224
8548 227
8760 231
8980 240
9192 240
9404 248
9616 248
9828 252
10044 255
10260 255
10472 255
10684 255
10896 255
11112 255
11328 271
11540 280
11752 280
11968 284
12180 286
12392 287
12608 287
12820 287
13036 287
13248 284
13460 280
13672 255
13888 255
14104 255
14316 254
14528 248
14740 241
14952 240
15172 231
15384 225
15596 224
15808 216
16020 216
16240 207
16452 199
16664 199
16876 193
17096 192
17308 192
17520 184
17732 179
17944 176
18164 176
18376 167
18588 167
18800 159
19012 159
19232 159
19444 156
19656 152
19868 152
20080 143
20300 143
20512 142
20724 135
20936 127
21148 127
21368 135
21580 143
21792 152
22004 159
22224 159
22436 167
22648 176
22860 184
23072 192
23288 192
23504 195
23716 199
23928 207
24140 211
24356 216
24572 224
24784 224
24996 227
25208 231
25424 238
25636 240
25852 248
26064 248
26276 252
26492 255
26704 255
26916 255
27132 255
27348 255
27560 255
27772 271
27984 275
28196 280
28416 280
28628 284
28840 287
29052 287
29264 287
29484 287
29696 286
29908 280
30120 271
30332 255
30552 255
30764 255
30976 248
31188 241
31400 240
31620 231
31832 225
32044 224
32256 220
32476 216
32688 207
32900 199
33112 199
33324 195
33544 192
33756 192
33968 184
34180 184
34392 176
34612 176
34824 167
35036 167
35248 159
35460 159
35680 159
35892 156
36104 152
36316 152
36532 143
36748 143
36960 143
37172 135
37384 135
37600 127
37816 135
38028 143
38240 152
38452 158
38668 159
38880 167
39096 176
39308 184
39520 188
39736 192
39948 195
40160 199
40376 206
40588 207
40804 216
41016 220
41228 224
41440 227
41660 231
41872 236
42084 240
42296 243
42508 248
42728 252
42940 254
43152 255
43364 255
43576 255
43796 255
44008 255
44220 271
44432 271
44644 280
44864 280
45076 284
45288 287
45500 287
45712 287
45932 287
46144 287
46356 280
46568 271
46788 255
47000 255
47212 255
47424 252
47636 248
47856 240
48068 231
48280 227
48492 224
48704 220
48924 216
49136 207
49348 206
49560 199
49772 195
49988 192
50204 192
50416 184
50628 184
50840 177
51056 176
51272 167
51484 167
51696 163
51912 159
52124 159
52336 156
52552 152
52764 152
52980 145
53192 143
53404 143
53616 135
53832 135
54048 127
54260 127
54472 143
4 147
216 143
428 143
640 135
860 135
1072 127
1284 127
1496 142
1708 147
1928 156
2140 159
2352 167
2564 172
2776 176
2992 184
3208 192
3420 192
3632 199
3848 199
4060 207
4276 216
4488 220
4700 224
4916 225
5128 231
5340 231
5556 240
5768 241
5984 248
6196 248
6408 254
6620 255
6836 255
7052 255
7264 255
7476 255
7688 255
7900 271
8120 280
8332 280
8544 284
8756 286
8976 287
9188 287
9400 287
9612 287
9824 284
10044 271
10256 255
10468 255
10680 255
10892 252
11112 248
11324 240
11536 231
11748 227
11960 224
12180 224
12392 216
12604 207
12816 206
13028 199
13248 195
13460 192
13672 192
13884 188
14104 184
14316 177
14528 176
14740 174
14952 167
15172 163
15384 159
15596 159
15808 158
16020 156
16236 152
16452 152
16664 143
16876 143
17088 142
17304 135
17520 127
17732 127
17944 135
18156 143
18372 156
18584 159
18800 163
19012 167
19228 176
19440 184
19652 192
19864 192
20080 195
20296 199
20508 207
20720 211
20932 216
21144 224
21364 224
21576 227
21788 231
22000 240
22212 240
22432 248
22644 248
22856 252
23068 255
23280 255
23500 255
23712 255
23924 255
24136 255
24356 271
24568 280
24780 280
24992 280
25204 284
25424 287
25636 287
25848 287
26060 287
26272 284
26492 280
26704 255
26916 255
27128 255
27340 254
27560 248
27772 241
27984 238
28196 231
28412 225
28628 224
28840 216
29052 216
29264 207
29480 199
29696 199
29908 193
30120 192
30332 192
30548 184
30760 179
30976 176
31188 176
31400 167
31616 167
31828 159
32040 159
32256 158
32468 156
32684 152
32896 152
33108 143
33320 143
33540 143
33752 135
33964 135
34176 127
34388 135
34608 143
34820 152
35032 159
35244 163
35456 167
35676 176
35888 184
36100 192
36312 192
36524 195
36744 199
36956 207
37168 211
37380 216
37592 224
37812 224
38024 227
38236 231
38448 240
38668 240
38880 248
39092 248
39304 252
39516 255
39736 255
39948 255
40160 255
40372 255
40584 255
40804 271
41016 275
41228 280
41440 284
41652 284
41872 287
42084 287
42296 287
42508 287
42720 284
42936 280
43152 255
43364 255
43576 255
43792 254
44004 248
44220 241
44432 240
44644 231
44860 225
45072 224
45284 220
45500 216
45712 207
45928 199
46140 199
46352 195
46564 192
46780 192
46996 184
47208 184
47420 176
47632 176
47844 167
48064 167
48276 159
48488 159
48700 159
48920 156
49132 152
49344 152
49556 143
49768 143
49988 143
50200 135
50412 135
50624 127
50836 135
51056 143
51268 152
51480 158
51692 159
51904 167
52124 176
52336 184
52548 188
52760 192
52972 195
53192 199
53404 207
53616 207
53828 216
54048 224
54260 224
54472 227
4 195
216 199
428 207
640 207
860 216
1072 224
1284 224
1496 227
1708 231
1928 236
2140 240
2352 248
2564 248
2776 252
2996 255
3208 255
3420 255
3632 255
3844 255
4060 255
4276 271
4488 271
4700 280
4912 280
5128 284
5344 287
5556 287
5768 287
5984 287
6196 287
6408 280
6624 271
6836 255
7052 255
7264 255
7476 252
7688 248
7904 240
8120 231
8332 227
8544 224
8756 220
8968 216
9188 207
9400 206
9612 199
9824 195
10036 192
10256 192
10468 184
10680 184
10892 177
11112 176
11324 167
11536 167
11748 163
11960 159
12180 159
12392 156
12604 152
12816 152
13028 147
13248 143
13460 143
13672 135
13884 135
14096 127
14316 127
14528 143
14740 152
14952 156
15164 159
15384 167
15596 176
15808 177
16020 184
16236 192
16452 193
16664 199
16876 206
17088 207
17304 216
17520 220
17732 224
17944 225
18156 231
18372 231
18584 240
18800 241
19012 248
19224 252
19440 255
19652 255
19864 255
20080 255
20292 255
20508 255
20720 255
20932 271
21144 271
21364 280
21576 284
21788 286
22000 287
22212 287
22432 287
22644 287
22856 280
23068 271
23280 255
23500 255
23712 255
23924 252
24136 248
24348 240
24568 231
24780 227
24992 224
25204 224
25424 216
25636 207
25848 207
26060 199
26272 195
26492 192
26704 192
26916 188
27128 184
27340 177
27560 176
27772 174
27984 167
28196 163
28408 159
28628 159
28840 158
29052 156
29264 152
29476 152
29696 143
29908 143
30120 135
30332 135
30548 127
30764 127
30976 142
31188 147
31400 156
31616 159
31828 167
32044 174
32256 177
32468 184
32684 192
32896 193
33108 199
33324 199
33536 207
33752 211
33964 216
34176 224
34388 224
34604 227
34820 231
35032 240
35244 241
35456 248
35676 248
35888 254
36100 255
36312 255
36524 255
36744 255
36956 255
37168 255
37380 271
37592 280
37812 280
38024 284
38236 286
38448 287
38660 287
38880 287
39092 287
39304 284
39516 275
39728 255
39948 255
40160 255
40372 252
40584 248
40804 240
41016 231
41228 227
41440 224
41652 224
41872 216
42084 209
42296 207
42508 199
42720 199
42940 193
43152 192
43364 192
43576 184
43788 177
44004 176
44220 174
44432 167
44644 163
44856 159
45072 159
45288 158
45500 156
45712 152
45928 152
46140 143
46352 143
46568 142
46780 135
46996 127
47208 127
47420 135
47632 143
47848 152
48064 159
48276 159
48488 167
48700 176
48912 184
49132 192
49344 192
49556 195
49768 199
49980 207
50200 211
50412 216
50624 224
50836 224
51056 227
51268 231
51480 238
51692 240
51904 248
52124 248
52336 254
52548 255
52760 255
52972 255
53188 255
53404 255
53616 255
53828 271
54040 280
54256 280
54472 284
4 255
216 255
432 255
644 271
856 271
1072 280
1284 280
1496 284
1712 286
1924 287
2140 287
2352 287
2564 287
2776 284
2996 271
3208 255
3420 255
3632 255
3844 252
4064 248
4276 240
4488 231
4700 227
4912 224
5132 224
5344 216
5556 207
5768 207
5980 199
6200 195
6412 193
6624 192
6836 192
7048 184
7268 179
7480 176
7692 174
7904 167
8124 163
8336 159
8548 159
8760 156
8972 156
9192 152
9404 147
9616 143
9828 143
10040 135
10260 135
10472 127
10684 127
10896 135
11108 143
11328 152
11540 159
11752 163
11964 167
12176 176
12396 184
12608 192
12820 192
13032 195
13248 199
13460 207
13676 211
13888 216
14100 224
14316 224
14528 227
14740 231
14956 240
15168 240
15384 248
15596 248
15808 252
16020 255
16236 255
16452 255
16664 255
16876 255
17088 255
17308 271
17520 275
17732 280
17944 280
18156 284
18376 287
18588 287
18800 287
19012 287
19224 284
19444 280
19656 255
19868 255
20080 255
20292 254
20512 248
20724 240
20936 231
21148 231
21360 224
21580 224
21792 216
22004 211
22216 207
22436 199
22648 195
22860 193
23072 192
23284 188
23504 184
23716 177
23928 176
24140 174
24352 167
24572 163
24784 159
24996 159
25208 158
25420 156
25636 152
25852 152
26064 143
26276 143
26488 142
26704 135
26920 127
27132 127
27344 135
27560 143
27772 152
27984 159
28200 159
28412 167
28628 176
28840 184
29052 192
29264 192
29480 195
29696 199
29908 207
30120 211
30332 216
30544 224
30764 224
30976 227
31188 231
31400 240
31612 240
31832 248
32044 248
32256 252
32468 255
32688 255
32900 255
33112 255
33324 255
33536 255
33756 271
33968 271
34180 280
34392 280
34604 284
34824 287
35036 287
35248 287
35460 287
35672 286
35892 280
36104 255
36316 255
36528 255
36740 255
36960 248
37172 241
37384 240
37596 231
37816 225
38028 224
38240 220
38452 216
38664 207
38880 199
39096 199
39308 195
39520 192
39732 192
39948 184
40160 184
40376 176
40588 176
40800 167
41016 167
41228 159
41440 159
41656 159
41868 156
42084 152
42296 152
42508 143
42720 143
42940 142
43152 135
43364 127
43576 127
43788 135
44008 143
44220 152
44432 158
44644 159
44856 167
45076 176
45288 184
45500 188
45712 192
45924 195
46144 199
46356 207
46568 207
46780 216
46992 224
47212 224
47424 227
47636 231
47848 236
48064 240
48280 248
48492 248
48704 252
48916 255
49132 255
49344 255
49560 255
49772 255
49984 255
50200 271
50412 271
50624 280
50840 280
51052 284
51268 287
51480 287
51692 287
51904 287
52124 286
52336 280
52548 271
52760 255
52972 255
53192 255
53404 252
53616 241
53828 240
54040 231
54260 227
54472 224
